2
2
2
2
2
2
436
436
436
436
436
436
436
436
436
436
436
436
1624
3540
5950
8458
11696
14236
16372
17832
19236
20040
27614
37190
37190
37190
37202
37226
37250
37276
37286
37774
37774
37774
47882
35726
35726
35726
35726
35728
35748
35772
35794
35804
35964
35964
35964
35964
35964
35964
35964
35964
35964
35964
35964
35964
35966
35966
35966
35966
35966
35966
35966
35966
35966
35966
35966
35966
35966
35966
35966
35966
35966
35966
35966
35966
35966
35966
35966
35966
35966
35966
35966
35966
35966
35966
35966
35966
35966
35966
35966
35966
35966
35966
35966
35966
35966
46554
31360
36426
36426
36426
36426
36426
36450
36470
36490
36506
36666
36666
36666
36666
36666
36666
36666
36666
36666
36666
36666
36666
36666
36666
36666
36666
36666
36666
36666
36666
36666
36666
36666
36666
36666
36666
36666
36666
36666
36666
36666
36666
36666
36666
36666
36666
36666
36666
36666
36666
36666
36666
36666
36666
36666
36666
36666
36666
36666
36666
36666
36666
36666
36666
36666
36666
36666
36666
36666
36666
36666
36666
36666
36666
36666
36666
36666
36666
36666
