2
2
2
2
2
2
2
436
436
436
436
436
436
436
436
436
436
604
604
604
604
2904
5104
7864
10104
12482
15208
16410
20082
20734
21266
21918
22570
23082
23610
23610
21150
16514
20448
21100
21612
22264
22776
23428
23710
23710
20278
20828
21498
22048
22600
23128
23820
25002
25002
16516
20446
20980
21610
22144
22774
23306
23710
23710
16516
20546
21196
21726
22256
22906
23436
24200
24200
16514
20586
21256
21786
22316
22966
23498
24380
24380
16516
20624
21154
21704
22234
22904
23436
24600
24600
16900
20564
21114
21662
22334
22882
23432
25062
25062
25062
20076
20726
21256
21786
22316
22986
23518
24440
24440
16516
20604
21134
21664
22194
22864
23394
24440
24440
18360
20342
20992
21520
22052
22720
23250
24440
24440
24060
20198
20868
21398
21928
22458
23128
23658
24440
24440
16516
20666
21196
21866
22414
22944
23494
24820
24820
21040
20042
20692
21204
21836
22348
23000
23530
23530
20190
20164
20796
21308
21938
22450
22982
23490
23490
16514
20286
20918
21430
22080
22594
23224
23490
23490
16514
20488
21000
21650
22162
22694
23346
23830
23830
16516
20488
21000
21530
22162
22694
23204
23830
23830
16514
20488
21000
21530
22162
22694
23204
23830
23830
16516
20404
21054
21584
22114
22762
23292
24120
24120
17220
20362
20892
21422
22072
22582
23112
23900
23900
19080
20362
20890
21420
22090
22620
23150
23700
24500
24500
19160
20626
21296
21826
22354
22886
23416
24500
24500
18080
20280
20930
21460
21992
22520
23170
24120
24120
23260
20238
20768
21300
21808
22478
22990
23518
23960
23960
20340
20888
21418
21968
22518
23068
23616
25222
25222
23022
20460
21010
21560
22110
22660
23210
23758
25222
25222
19022
20402
20930
21480
22030
22700
23230
23778
24782
24782
16516
20664
21214
21744
22294
22824
23374
24780
24780
24780
20340
21028
21578
22130
22678
23228
23778
25302
25302
21342
20400
20930
21480
22030
22560
23108
23638
24782
24782
16514
20544
21074
21622
22292
22822
23372
23900
24780
24780
20116
20646
21176
21826
22356
22888
23396
24040
24040
16516
20846
21396
21946
22476
23026
23576
25062
25062
23182
20380
20930
21458
22010
22540
23088
23618
24720
24720
16514
20706
21254
21804
22354
22884
23434
25062
25062
25062
20358
20928
21478
22026
22576
23126
23694
25460
25460
25460
20358
20928
21478
22026
22576
23126
23694
25460
25460
25460
20460
21008
21578
22148
22716
23286
23834
26022
26022
26022
16518
20866
21436
22006
22574
23142
23692
25082
26022
26022
16516
20404
20932
21582
22112
22642
23172
24100
24100
20780
20184
20694
21346
21858
22368
23020
23550
23550
20350
20362
20890
21440
21970
22638
23168
23698
24560
24560
16516
20626
21176
21704
22374
22904
23434
24560
24560
19300
20342
20890
21420
22090
22620
23150
23680
24460
24460
16516
20626
21156
21804
22354
22884
23416
24460
24460
19200
20340
20870
21520
22070
22600
23130
23660
24380
24380
19140
20606
21256
21806
22336
22866
23396
24380
24380
17060
20360
20890
21420
21970
22498
23168
23698
33940
33940
33950
33950
33950
33950
33950
33950
33950
33950
33950
33950
33954
33958
33966
33972
33976
33986
33990
33996
34004
34010
34018
34024
34028
34036
34038
34038
34532
34532
34532
34532
34532
34532
34532
34532
34532
34532
34532
34532
34532
34532
34532
34532
34532
34532
34532
34532
34532
34532
34532
34532
34532
34532
34532
34532
34532
34532
34532
34532
34532
34532
34568
34568
34568
34568
34568
34568
34568
34568
34568
35048
35048
35048
35048
35048
35048
35048
35048
35048
35048
35048
35048
35048
35048
35048
35048
35048
35048
35048
35048
35048
35048
35048
35048
35048
35048
35048
35048
35048
35048
35048
35048
35048
35048
35048
35048
35128
35128
35128
35128
35128
35128
35128
35128
35128
35128
35128
35128
35128
35128
35128
35128
35128
35128
35128
35128
35128
35128
35128
35128
35128
35128
35128
35128
35128
35128
35128
35128
35128
35128
35128
35128
35128
35128
35128
35128
35128
35128
35128
35128
35128
35128
35128
35128
35128
35128
35128
35128
35128
35128
35128
35128
35128
35128
35128
35128
35128
35128
35128
35128
35128
35128
35128
35128
35128
35128
35128
35128
35128
35128
35128
35128
35128
35128
35128
35128
35128
35128
35128
35128
35128
35128
35128
35128
35128
35128
35128
35128
35128
35128
35128
35128
35128
35128
35128
35128
35128
35128
35128
35128
35128
35128
35128
35128
35128
35128
35128
35128
35128
35128
35128
35128
35128
35128
35128
35128
35128
35128
35128
35128
35128
35128
35128
35128
35128
35128
35128
35128
35128
35128
35128
35128
35128
35128
35128
35128
35128
35128
35128
35128
35128
35128
35128
35128
35128
35128
35128
35128
35128
35128
35128
35128
35128
35128
35128
35128
35128
35128
35128
35128
35128
35128
35128
35128
35128
35128
35128
35128
35128
35128
35128
35128
