2
2
2
2
2
2
436
436
436
436
436
436
436
436
436
436
436
436
436
1636
3298
5546
8138
10486
12998
16244
16382
18768
19576
26372
35940
35940
35940
35946
35970
35994
36018
36028
36524
36524
36524
37704
37704
37704
37704
37704
37704
37704
37704
37708
37708
37708
37708
37708
37708
37708
37708
37708
37708
37708
37708
37708
37708
37708
37708
37708
37708
37708
37708
37708
37708
37708
37708
37708
37708
37708
37708
37708
37708
37708
37708
37708
37708
37708
37708
37716
37716
37716
37716
37716
37716
37716
37716
37716
37716
37716
37716
37716
37716
37716
37716
38696
38696
38696
38696
38696
38696
38696
38696
38696
38696
38696
38696
38696
38696
38696
38696
38696
38696
38696
38696
38696
38696
38696
38696
38696
38696
38696
38696
38696
38696
38696
38696
38696
38696
38696
38696
38696
38696
38696
38696
38696
38696
38696
38696
38696
38696
38696
38696
38696
38696
38696
38696
38696
38696
38696
38696
38696
38696
38696
38696
38696
38696
38696
38696
38696
38696
38696
38696
38696
38696
38696
38696
38696
