2
2
2
2
2
2
2
2
2
2
2
24
436
436
436
436
436
436
436
436
436
436
436
604
604
604
604
604
604
604
604
1784
3264
5504
6044
8224
11066
11480
13610
16410
16412
20224
20874
21060
22040
22572
22834
23610
23610
23910
20060
20592
20918
21756
22386
22652
23710
23710
23710
20420
20972
21236
22050
22720
22864
23820
25002
25002
16516
20546
20790
21726
22376
22640
23558
24200
24200
20178
20708
20992
21908
22438
22702
23640
24380
24380
20218
20768
21030
21968
22498
22762
23700
24600
24600
20298
20848
21112
21928
22476
22882
23696
25062
25062
19902
20342
20726
21520
22052
22456
23252
24440
24440
22960
20340
20626
21520
22050
22456
23252
24440
24440
24440
19812
20564
21400
21930
22314
23130
23660
24440
24440
16516
20340
21134
21664
22072
22986
23518
24440
24440
16516
19442
20930
21480
21866
22680
23230
23636
24820
24820
20100
19918
20550
20858
21714
22226
22634
23530
23530
23530
16516
20286
20694
21572
22204
22590
23348
23490
23490
16514
20286
20694
21570
22084
22468
23348
23490
23490
19958
20610
20874
21776
22426
22572
23470
23830
23830
20080
20610
20876
21776
22426
22692
23590
23830
23830
16516
20488
20732
21650
22162
22470
23348
23830
23830
16514
20402
20810
21724
22254
22640
23436
24120
24120
16516
20362
20648
21542
22074
22458
23234
23900
23900
16516
20362
20748
21562
22092
22518
23412
24500
24500
22040
20218
20646
21420
22090
22376
23150
23820
24500
24500
16516
20282
21196
21726
22112
22908
23436
24120
24120
16516
20238
21034
21564
21948
22724
23394
23960
23960
16516
20462
21154
21704
22250
22802
23352
23902
25222
25222
16516
18818
20888
21418
21560
22518
23066
23350
25222
25222
25162
18138
20666
20930
21888
22416
22700
23638
24782
24782
16516
20402
20806
21622
22152
22414
23372
24782
24782
24782
16516
20622
21578
22128
22270
23230
23780
24062
25302
16516
16656
20666
21216
21478
22416
22966
23232
24782
24782
24742
19322
20666
20928
21888
22416
22700
23636
24782
24782
17982
20260
20524
21440
21970
22216
23152
24040
24040
21280
20440
20704
21662
22212
22474
23312
25062
25062
25062
16516
20380
21194
21724
22130
22946
23476
24060
24720
16680
16536
20584
21114
21518
22354
22884
23310
25062
25062
25062
16514
20784
21190
21884
22434
22858
23552
25460
25460
25460
16516
20542
21476
22026
22332
23126
23694
24080
25460
22760
16536
20724
21294
21598
22432
23002
23426
24120
26022
26022
19242
20580
21008
21578
22148
22718
23428
23976
26022
26022
26022
16516
20240
20768
21298
21968
22498
23046
23170
24560
24560
24480
19952
20766
20890
21826
22376
22638
23578
24560
24560
16516
20482
20748
21684
22214
22476
23414
24460
24460
20980
20218
20482
21540
22090
22354
23292
24460
24460
24460
19140
20462
21398
21930
22192
23128
23660
24200
24380
16516
16656
20606
21136
21398
22336
22866
23128
24380
24380
24340
18698
20686
20810
21866
22396
22660
23580
24260
24260
16516
20866
21152
22126
22696
22838
23834
26000
26000
26000
16516
17196
20522
21072
21478
22292
22822
23228
24840
24840
24840
16516
20584
20992
21806
22354
22760
23574
25102
25102
25102
18138
20564
21358
21888
22314
23108
23658
24902
24902
16514
20582
21292
21842
22270
22840
23408
23958
26000
26000
24500
21160
20278
20808
20948
22028
22558
22842
23658
24902
24902
16516
20584
20848
21806
22354
22618
23576
25102
25102
23982
20538
20982
21716
22164
22510
23364
23952
24256
27484
27484
27484
16516
20842
21288
22022
22610
22936
23810
24258
24704
27484
27484
18124
16516
21126
21452
22164
22774
23078
23812
24400
24844
27484
25564
16536
20842
21432
21876
22610
23058
23504
24256
27484
27484
27484
16516
20278
21074
21604
21990
22786
23456
24260
24260
16514
20602
21434
21984
22290
23124
23692
23978
26000
26000
25800
16514
20522
20928
21744
22292
22580
23374
24842
24842
24342
20298
20704
21520
22070
22474
23310
23840
25102
25102
16516
19320
20808
21338
21742
22558
23108
23514
24862
24862
24642
16516
20864
21148
21842
22412
22836
23692
24100
26000
26000
16516
20300
21074
21622
22028
22822
23372
23658
24862
24862
16514
20582
21112
21518
22354
22884
23310
25102
25102
25102
16516
21280
21646
22276
22762
23270
23898
24386
24892
30220
30220
30220
25980
20308
21464
22110
22598
23086
23574
24062
24548
24870
30220
30220
30220
21460
21118
21462
22274
22760
22922
23896
24384
24546
25360
30220
30220
30220
16516
16896
21464
21952
22274
23088
23734
23896
24870
25358
25520
30220
30220
29580
16516
21462
21624
22438
22924
23248
24060
24548
24870
30220
30220
30220
20680
21118
21462
22114
22600
23084
23736
24384
24708
25360
30220
30220
30220
16516
21140
21950
22438
22782
23574
24062
24546
25198
30220
30220
30220
17720
17356
20942
21590
22056
22526
23154
23624
24112
24740
29186
29186
29186
18366
17506
20380
20930
21194
22150
22680
22944
23900
24800
24800
16516
20646
20908
21848
22376
22638
23578
24660
24660
16516
20502
20766
21582
22232
22638
23454
24660
24660
21640
20940
21426
22220
22688
23014
23786
24414
24740
29188
29188
29188
16908
20380
20786
21600
22152
22536
23352
23900
24800
24800
16516
20244
21140
21672
22058
22836
23488
23910
23910
16514
20202
20980
21630
22018
22796
23428
23730
23730
16514
21124
21896
22524
22848
23622
24112
24416
29188
29188
29188
19368
21082
21428
22200
22668
23136
23766
24394
24864
29086
29086
29086
26126
20146
21406
21874
22504
22972
23134
24070
24558
24862
29086
29086
29046
16514
21246
21568
22344
22972
23156
24070
24558
24864
29086
29086
29046
16514
20524
20788
21706
22236
22498
23416
24100
24100
16514
20306
20570
21470
22102
22366
23266
23570
23570
16514
20524
20788
21704
22234
22498
23416
24100
24100
16516
20306
20692
21590
22102
22366
23408
23570
23570
16516
20524
20788
21584
22234
22620
23416
24100
24100
16514
20382
20790
21684
22196
22600
23374
23960
23960
16514
20342
20868
21682
22214
22598
23414
24480
24480
21820
20218
20626
21440
22070
22476
23272
23800
24480
24480
16514
20484
21156
21684
22214
22886
23414
24480
24480
18260
20540
21232
21800
22248
22960
23530
23976
26442
26442
26442
18202
20340
20768
21540
22070
22600
23272
24480
24480
24400
19774
20550
20672
21694
22226
22470
23490
23490
23490
20060
20572
20834
21736
22386
22508
23550
23670
23670
20020
20532
20918
21818
22448
22714
23470
23470
23150
20222
20754
20998
21918
22568
22694
23890
23890
23570
20182
20694
20938
21978
22490
22736
23550
23550
23510
20040
20552
20814
21836
22368
22612
23550
23550
23550
20040
20552
20816
21714
22226
22488
23550
23550
23550
20040
20552
20814
21716
22366
22612
23510
23550
23550
16514
20488
20774
21652
22184
22490
23346
23890
23890
16516
20226
20634
21492
22122
22510
23388
23388
23388
16514
20246
20754
21512
22144
22530
23288
23410
23410
16516
20266
20774
21552
22062
22450
23326
23450
23450
16516
20204
20594
21452
22082
22350
23208
23328
23308
16514
21802
22168
23058
23404
23930
24658
25206
25570
26280
33362
33362
33362
23082
16518
21802
22328
22692
23402
23950
24314
25024
25390
25916
33362
33362
33362
31422
16514
21640
22330
22878
23402
23950
24476
24844
25390
25918
33362
33362
33362
33362
32102
16516
21802
22146
22878
23404
23766
24478
25026
25388
26100
33362
33362
33362
28042
25462
19038
21986
22328
23060
23584
23766
24658
25206
25388
26280
33362
33362
33362
23342
17522
20888
21986
22350
23060
23586
23972
24662
25208
25732
26462
33362
33362
33362
16842
16756
20444
20972
21378
22174
22824
23110
24320
24320
24200
16514
20504
20908
21704
22234
22638
23456
24660
24660
18740
20380
20666
21460
21990
22416
23210
23740
24760
24760
16516
20762
21614
22064
22488
23222
23812
24238
26942
26942
26382
16514
20742
21186
21922
22490
22936
23670
24238
24562
26942
24422
16536
20742
21332
21756
22490
23080
23386
24238
26942
26942
24882
20224
21642
22312
22818
23184
24032
24560
24904
25594
26120
32220
32220
32220
22220
16514
21622
22126
22818
23346
23710
24380
24906
25432
27980
32220
32220
32220
16514
21620
22310
22816
23160
23872
24380
24722
25432
25938
30100
32220
32220
27180
16514
20542
20828
21622
22172
22576
23392
23922
24922
24922
16514
20544
21358
21888
22292
23106
23656
24162
24922
16516
16916
20542
21092
21478
22292
22842
23248
24922
24922
24922
16514
20784
21210
21904
22454
22878
23572
25580
25580
25580
16516
20542
21356
21904
22310
23144
23714
23980
25580
25580
20660
16516
20786
21210
22046
22596
23020
23714
25580
25580
25580
17738
20664
21476
22046
22452
23286
23836
24640
25580
22280
16516
20742
21332
21756
22492
23080
23506
24240
26922
26922
22862
20458
20904
21616
22204
22654
23364
23952
24382
26922
26922
18262
16516
20884
21332
22062
22492
22958
23670
24238
26922
26922
25022
16796
20740
21190
21636
22348
22936
23366
24096
26922
26922
26922
16514
20306
20570
21470
22102
22366
23266
23550
23550
16516
20428
20672
21572
22082
22346
23368
23510
23510
19286
20570
20816
21716
22366
22512
23550
23550
23510
20040
20552
20814
21836
22348
22612
23510
23510
23470
20040
20572
20814
21856
22368
22612
23550
23550
23510
20040
20552
20814
21716
22346
22488
23530
23530
23530
19918
20572
20816
21716
22366
22592
23550
23550
23470
19406
20550
20814
21716
22346
22592
23510
23510
23510
20060
20570
20834
21736
22386
22632
23610
23610
23610
19938
20570
20834
21856
22388
22632
23610
23610
23570
20678
21128
21410
22306
22894
23056
23934
24542
25004
27364
20384
17744
20700
21270
21554
22430
22998
23140
24016
26542
26542
26542
16514
16796
20848
21396
21540
22478
23026
23290
25022
25022
24962
19784
21126
21410
22304
22754
23056
23932
24380
24684
27364
22464
19824
20700
21128
21412
22288
22858
23140
24016
26542
26542
26542
16514
20154
21254
21806
22210
23026
23576
24302
25022
16922
16536
20822
21412
21858
22612
23200
23506
24238
27364
27364
27364
16516
20864
21554
21984
22450
23142
23732
24180
26542
26542
21842
16514
20562
21114
21804
22354
22884
23576
25022
25022
22862
20538
21128
21716
22164
22754
23056
23792
24380
24684
27364
24264
21644
20560
21128
21412
22288
22858
23140
24016
26542
26542
26542
16514
16656
20724
21292
21718
22412
22982
23406
25962
25962
25962
16514
20822
21268
22020
22610
22894
23648
24238
24584
27364
27344
18584
20558
21128
21412
22146
22716
23140
23874
26542
26542
26542
16516
20562
21396
21926
22352
23168
23696
24302
25022
17142
16676
21126
21574
21858
22754
23344
23646
24542
27364
27364
21864
20598
20882
21758
22206
22488
23506
23956
24238
26842
26842
26642
16756
21026
21330
22044
22634
22916
23792
24380
24682
26842
16514
16536
20526
21196
21318
22236
22906
23150
24100
24100
24020
18358
20726
20848
21908
22438
22702
23640
24320
24320
16516
20644
20908
21846
22518
22642
23578
24600
24600
16516
20502
20766
21704
22254
22516
23456
24600
24600
17540
20340
20604
21420
21950
22376
23150
23680
24460
24460
16514
20482
21276
21806
22212
23006
23536
24460
24460
16516
20138
20892
21422
21950
22600
23132
23960
23960
21400
20322
20586
21522
22172
22314
23374
24320
24320
19960
20262
20526
21442
21970
22256
23292
24080
24080
19980
20322
20726
21642
22172
22438
23252
24320
24320
22060
20240
20506
21422
22072
22336
23132
23960
23960
20880
20322
20586
21522
22172
22578
23252
24320
24320
23500
20380
20646
21600
22130
22396
23210
23740
24360
24680
20238
20522
21458
21988
22152
23068
23618
23880
24680
16514
20498
21636
22066
22370
23204
23774
24342
26242
26242
26162
20218
20748
21012
21948
22478
22742
23538
24420
24420
16516
20766
21050
22006
22556
22700
23656
25342
25342
25342
20500
20924
21780
22348
22532
23346
23916
24198
26242
26242
24402
20218
20748
21010
21948
22478
22722
23680
24420
24420
19788
20908
21172
22006
22556
22862
23656
25342
25342
23782
20278
20684
21358
21908
22434
23250
23800
24842
24842
16514
21002
21632
22280
22750
23378
23866
24354
24984
29388
29388
29388
16514
20402
21072
21742
22172
22944
23494
24720
24720
22720
19934
20218
21278
21806
22072
23008
23538
23800
24460
16516
16836
21246
21696
21998
22912
23362
23664
24580
28086
28086
28086
16516
16776
20506
21156
21420
22336
22846
23110
23960
23960
23760
20218
20748
21010
21948
22478
22742
23678
24460
24460
16516
21086
21410
22162
22750
23078
23970
24440
24884
28084
28084
22264
16514
20408
20794
21570
22082
22590
23348
23490
23490
16514
20342
20870
21542
22072
22602
23392
24460
24460
21960
20778
21248
21388
22304
22912
23078
23972
24580
24884
28086
26626
24106
19938
20590
20834
21756
22386
22632
23650
23650
23650
19668
20906
21190
22148
22716
22980
23958
25440
25440
16620
20940
21246
22000
22608
22750
23666
24134
24438
28084
28084
28044
16516
20766
21048
21884
22574
22716
23674
25440
25440
25440
16516
20562
21376
21924
22352
23044
23592
24040
25660
25660
16516
20778
21248
21856
21998
22914
23362
23664
24582
28084
28084
28024
16516
20662
21376
21924
22350
23184
23592
24018
25660
25660
19360
16516
21186
21492
22244
22834
23280
24034
24642
27744
27744
22524
16536
20720
21308
21758
22508
22956
23444
24154
24604
27644
27644
18464
19746
21210
21778
22246
22956
23546
23976
26982
26982
26982
18862
20502
20928
21740
22290
22738
23410
23960
25460
25460
16516
20882
21490
21940
22528
22834
23586
24194
24336
27744
27744
27684
16516
21024
21308
22224
22814
23116
24012
24462
24764
27644
20624
17744
20620
21210
21492
22366
22956
23098
23976
24562
26982
26982
16516
16656
20786
21336
21600
22574
23004
23266
25460
25460
25460
20738
21188
21492
22388
22996
23138
24034
24642
25224
27744
20764
18204
20860
21310
21612
22510
23118
23260
24156
24764
27644
27644
16514
16676
21046
21494
21776
22674
23242
23426
24280
26982
26982
21142
20358
20784
21600
22168
22432
23266
23816
24100
25460
17580
16656
21086
21694
21878
22752
23360
23522
24440
38124
38124
38124
38134
38134
38134
38134
38134
38134
38134
38134
38134
38134
38134
38134
38138
38144
38150
38154
38160
38164
38170
38178
38184
38190
38196
38200
38206
38210
38218
38224
38230
38230
38230
38230
38240
38714
38714
38714
38714
38714
38714
38714
38714
38714
38714
38714
38714
38714
38714
38714
38714
38714
38714
38714
38714
38714
38714
38714
38714
38714
38714
38714
38714
38714
38714
38714
38714
38714
38714
38714
38714
38714
38714
38714
38714
38720
38720
38720
38720
38720
38720
38720
38720
38720
38720
38720
38720
38720
38720
38720
38720
38720
38720
38720
38720
38720
38720
38720
38720
38720
38720
38720
38720
38720
38720
38720
38720
38720
38720
38720
38720
38720
38720
38720
38720
38720
38720
38720
38720
38720
38720
38720
38720
38720
38720
38720
38720
38720
38720
38720
38720
38720
38720
38720
38720
38720
38720
38720
38720
38720
38720
38720
38720
38720
38720
38740
38740
38740
38740
38740
38740
38740
38740
38740
38740
38740
38740
38740
38740
38740
38740
38740
38740
38740
38740
38740
38740
38740
38740
38740
38740
38740
38740
38740
38740
38740
38740
38740
38744
38744
38744
38744
38744
38744
38744
38744
38744
38744
38744
38744
38744
38744
38744
38744
38744
38744
38744
38744
38744
38744
38744
38744
38744
38744
38744
38744
38744
38744
38744
38744
38744
38744
38744
38744
38744
38744
38744
38744
38744
38744
38744
38744
38744
38744
38744
38744
38744
38744
38744
38744
38744
38744
38744
38744
38744
38744
38744
38744
38744
38744
38744
38744
38744
38744
38744
38744
38744
38744
38744
38744
38744
38744
38744
38744
38744
38744
38744
38744
38744
38744
38744
38744
38744
38744
38744
38744
38744
38744
38744
38744
38744
38744
38744
38744
38744
38744
38744
38744
38744
38744
38744
38744
38744
38744
38744
38744
38744
38744
38744
38744
38744
38744
38744
38744
38744
38744
38744
38744
38744
38744
38744
38744
38744
38744
38744
38744
38744
38744
38744
38744
38744
38744
38744
38744
38744
38744
38744
38744
38744
38744
38744
38744
38744
38744
38744
38744
38744
38744
38744
38744
38744
38744
38744
38744
38744
38744
38744
38744
38744
38744
38744
38744
38744
38744
38744
38744
38744
38744
38744
38744
38744
38744
38744
38744
38744
38744
38744
38744
38744
38744
38744
38744
38744
38744
38744
38744
38744
38744
38744
38744
38744
38744
38744
38744
38744
38744
38744
38744
38744
38744
38744
38744
38744
38744
38744
38744
38744
38744
38744
38744
38744
38744
38744
38744
38744
38744
38744
38744
38744
38744
38744
38744
38744
38744
38744
38744
38744
38744
38744
38744
38744
38744
38744
38744
38744
38744
38744
38744
38744
38744
38744
38744
38744
38744
38744
38744
38744
38744
38744
38744
38744
38744
38744
38744
38744
38744
38744
38744
38744
38744
38744
38744
38744
38744
38744
38744
38744
38744
38744
38744
38744
38744
38744
38744
38744
38744
38744
38744
38744
38744
38744
38744
38744
38744
38744
38744
38744
38744
38744
38744
38744
38744
38744
38744
38744
38744
38744
38744
38744
38744
38744
38744
38744
38744
38744
38744
38744
38744
38744
38744
38744
38744
38744
38744
38744
38744
38744
38744
38744
38744
38744
38744
38744
38744
38744
38744
38744
38744
38744
38744
38744
38744
38744
38744
38744
38744
38744
38744
38744
38744
38744
38744
38744
38744
38744
38744
38744
38744
38744
38744
38744
38744
38744
38744
38744
38744
38744
38744
38744
38744
38744
38744
38744
38744
38744
38744
38744
38744
38744
38744
38744
38744
38744
38744
38744
38744
38744
38744
38744
38744
38744
38744
38744
38744
38744
38744
38744
38744
38744
38744
38744
38744
38744
38744
38744
38744
38744
38744
38744
38744
38744
38744
38744
38744
38744
38744
38744
38744
38744
38744
38744
38744
38744
38744
38744
38744
38744
38744
38744
38744
38744
38744
38744
38744
38744
38744
38744
38744
38744
38744
38744
38744
38744
38744
38744
38744
38744
38744
38744
38744
38744
38744
38744
38744
38744
38744
38744
38744
38744
38744
38744
38744
38744
38744
38744
38744
38744
38744
38744
38744
38744
38744
38744
38744
38744
38744
38744
38744
38744
38744
38744
38744
38744
38744
38744
38744
38744
38744
38744
38744
38744
38744
38744
38744
38744
38744
38744
38744
38744
38744
38744
38744
38744
38744
38744
38744
38744
38744
38744
38744
38744
38744
38744
38744
38744
38744
38744
38744
38744
38744
38744
38744
38744
38744
38744
38744
38744
38744
38744
38744
38744
38744
38744
38744
38744
38744
38744
38744
38744
38744
38744
38744
38744
38744
38744
38744
38744
38744
38744
38744
38744
38744
38744
38744
38744
38744
38744
38744
38744
38744
38744
38744
38744
38744
38744
38744
38744
38744
38744
38744
38744
38744
38744
38744
38744
38744
38744
38744
38744
38744
38744
38744
38744
38744
38744
38744
38744
38744
38744
38744
38744
38744
38744
38744
38744
38744
38744
38744
38744
38744
38744
38744
38744
38744
38744
38744
38744
38744
38744
38744
38744
38744
38744
38744
38744
38744
38744
38744
38744
38744
38744
38744
38744
38744
38744
38744
38744
38744
38744
38744
38744
38744
38744
38744
38744
38744
38744
38744
38744
38744
38744
38744
38744
38744
38744
38744
38744
38744
38744
38744
38744
38744
38744
38744
38744
38744
38744
38744
38744
38744
38744
38744
38744
38744
38744
38744
38744
38744
38744
38744
38744
38744
38744
38744
38744
38744
38744
38744
38744
38744
38744
38744
38744
38744
38744
38744
38744
38744
38744
38744
38744
38744
38744
38744
38744
38744
38744
38744
38744
38744
38744
38744
38744
38744
38744
38744
38744
38744
38744
38744
38744
38744
38744
38744
38744
38744
38744
38744
40104
40104
40104
40104
40104
40104
40104
40104
40104
40104
40104
40104
40104
40104
40104
40104
40104
40104
40104
40104
40104
40104
40104
40104
40104
40104
40104
40104
40104
40104
40104
40104
40104
40104
40104
40104
40104
40104
40104
40104
40104
40104
40104
40104
40104
40104
40104
40104
40104
40104
40104
40104
40104
40104
40104
40104
40104
40104
40104
40104
40104
40104
40104
40104
40104
40104
40104
40104
40104
40104
40104
40104
40104
40104
40104
40104
40104
40104
40104
40104
40104
40104
40104
40104
40104
40104
40104
40104
40104
40104
40104
40104
40104
40104
40104
40104
40104
40104
40104
40104
40104
40104
40104
40104
40104
40104
40104
40104
40104
40104
40104
40104
40104
40104
40104
40104
40104
40104
40104
40104
40104
40104
41264
41264
41264
41264
41264
41264
41264
41264
41264
41264
41264
41264
41264
41264
41264
41264
41264
41264
41264
41264
41264
41264
41264
41264
41264
41264
41264
41264
41264
41264
41264
41264
41264
41264
41264
41264
41264
41264
41264
41264
41264
41264
41264
41264
41264
41264
41264
41264
41264
41264
41264
41264
41264
41264
41264
41264
41264
41264
41264
41264
41264
41264
41264
41264
41264
41264
41264
41264
41264
41264
41264
41264
41264
41264
41264
41264
41264
41264
41264
41264
41264
41264
41264
41264
41264
41264
41264
41264
41264
41264
41264
41264
41264
41264
41264
41264
41264
41264
41264
41264
41264
41264
41264
41264
41264
41264
41264
41264
41264
41264
41264
41264
41264
41264
41264
41264
41264
41264
41264
41264
41264
41264
41264
41264
41264
41264
41264
41264
41264
41264
41264
41264
41264
41264
41264
41264
41264
41264
41264
41264
41264
41264
41264
41264
41264
41264
41264
41264
41264
41264
41264
41264
41264
41264
41264
41264
41264
41264
41264
41264
41264
41264
41264
41264
41264
41264
41264
41264
41264
41264
41264
41264
41264
41264
41264
41264
41264
41264
41264
41264
41264
41264
41264
41264
41264
41264
41264
41264
41264
41264
41264
41264
41264
41264
41264
41264
41264
41264
41264
41264
41264
41264
41264
41264
41264
41264
41264
41264
41264
41264
41264
41264
41264
41264
41264
41264
41264
41264
41264
41264
41264
41264
41264
41264
41264
41264
41264
41264
41264
41264
41264
41264
41264
41264
41264
41264
41264
41264
41264
41264
41264
41264
41264
41264
41264
41264
41264
41264
41264
41264
41264
41264
41264
41264
41264
41264
41264
41264
41264
41264
41264
41264
41264
41264
41264
41264
41264
41264
41264
41264
41264
41264
41264
41264
41264
41264
41264
41264
41264
41264
41264
41264
41264
41264
41264
41264
41264
41264
41264
41264
41264
41264
41264
41264
41264
41264
41264
41264
41264
41264
41264
41264
41264
41264
41264
41264
41264
41264
41264
41264
41264
41264
41264
41264
41264
41264
41264
41264
41264
41264
41264
41264
41264
41264
41264
41264
41264
41264
41264
41264
41264
41264
41264
41264
41264
41264
41264
41264
41264
41264
41264
41264
41264
41264
41264
41264
41264
41264
41264
41264
41264
41264
41264
41264
41264
41264
41264
41264
41264
41264
41264
41264
41264
41264
41264
41264
41264
41264
41264
41264
41264
41264
41264
41264
41264
41264
41264
41264
41264
41264
41264
41264
41264
41264
41264
41264
41264
41264
41264
41264
41264
41264
41264
41264
41264
41264
41264
41264
41264
41264
41264
41264
41264
41264
41264
41264
41264
41264
41264
41264
41264
41264
41264
41264
41264
41264
41264
41264
41264
41264
41264
41264
41264
41264
41264
41264
41264
41264
41264
41264
41264
41264
41264
41264
41264
41264
41264
41264
41264
41264
41264
41264
41264
41264
41264
41264
41264
41264
41264
41264
41264
41264
41264
41264
41264
41264
41264
41264
41264
41264
41264
41264
41264
41264
41264
41264
41264
41264
41264
41264
41264
41264
41264
41264
41264
41264
41264
41264
41264
41264
41264
41264
41264
41264
41264
41264
41264
41264
41264
41264
41264
41264
41264
41264
41264
41264
41264
41264
41264
41264
41264
41264
41264
41264
41264
41264
41264
41264
41264
41264
41264
41264
41264
41264
41264
41264
41264
41264
41264
41264
41264
41264
41264
41264
41264
41264
41264
41264
41264
41264
41264
41264
41264
41264
41264
41264
41264
41264
41264
41264
41264
41264
41264
41264
41264
41264
41264
41264
41264
41264
41264
41264
41264
41264
41264
41264
41264
41264
41264
41264
41264
41264
41264
41264
41264
41264
41264
41264
41264
41264
41264
41264
41264
41264
41264
41264
41264
41264
41264
41264
41264
41264
41264
41264
41264
41264
41264
41264
41264
41264
41264
41264
41264
41264
41264
41264
41264
41264
41264
41264
41264
41264
41264
41264
41264
41264
41264
41264
41264
41264
41264
41264
41264
41264
41264
41264
41264
41264
41264
41264
41264
41264
41264
41264
41264
41264
41264
41264
41264
41264
41264
41264
41264
41264
41264
41264
41264
41264
41264
41264
41264
41264
41264
41264
41264
41264
41264
41264
41264
41264
41264
41264
41264
41264
41264
41264
41264
41264
41264
41264
41264
41264
41264
41264
41264
41264
41264
41264
41264
41264
41264
41264
41264
41264
41264
41264
41264
41264
41264
41264
41264
41264
41264
41264
41264
41264
41264
41264
41264
41264
41264
41264
41264
41264
41264
41264
41264
41264
41264
41264
41264
41264
41264
41264
41264
41264
41264
41264
41264
41264
41264
41264
41264
41264
41264
41264
41264
41264
41264
41264
41264
41264
41264
41264
41264
41264
41264
41264
41264
41264
41264
41264
41264
41264
45044
45044
45044
45044
45044
45044
45044
45044
45044
45044
45044
45044
45044
45044
45044
45044
45044
45044
45044
45044
45044
45044
45044
45044
45044
45044
45044
45044
45044
45044
45044
45044
45044
45044
45044
45044
45044
45044
45044
45044
45044
45044
45044
45044
45044
45044
45044
45044
45044
45044
45044
45044
45044
45044
45044
45044
45044
45044
45044
45044
45044
45044
45044
45044
45044
45044
45044
45044
45044
45044
45044
45044
45044
45044
45044
45044
45044
45044
45044
45044
45044
45044
45044
45044
45044
45044
45044
45044
45044
45044
45044
45044
45044
45044
45044
45044
45044
45044
45044
45044
45044
45044
45044
45044
45044
45044
45044
45044
45044
45044
45044
45044
45044
45044
45044
45044
45044
45044
45044
45044
45044
45044
45044
45044
45044
45044
45044
45044
45044
45044
45044
45044
45044
45044
45044
45044
45044
45044
45044
45044
45044
45044
45044
45044
45044
45044
45044
45044
45044
45044
45044
45044
45044
45044
45044
45044
45044
45044
45044
45044
45044
45044
45044
45044
45044
45044
45044
45044
45044
45044
45044
45044
45044
45044
45044
45044
45044
45044
45044
45044
45044
45044
45044
45044
45044
45044
45044
45044
45044
45044
45044
45044
45044
45044
45044
45044
45044
45044
45044
45044
45044
45044
45044
45044
45044
45044
45044
45044
45044
45044
45044
45044
45044
45044
45044
45044
45044
45044
45044
45044
45044
45044
45044
45044
45044
45044
45044
45044
45044
45044
45044
45044
45044
45044
45044
45044
45044
45044
45044
45044
45044
45044
45044
45044
45044
45044
45044
45044
45044
45044
45044
45044
45044
45044
45044
45044
45044
45044
45044
45044
45044
45044
45044
45044
45044
45044
45044
45044
45044
45044
45044
45044
45044
45044
45044
45044
45044
45044
45044
45044
45044
45044
45044
45044
45044
45044
45044
45044
45044
45044
45044
45044
45044
45044
45044
45044
45044
45044
45044
45044
45044
45044
45044
45044
45044
45044
45044
45044
45044
45044
45044
45044
45044
45044
45044
45044
45044
45044
45044
45044
45044
45044
45044
45044
45044
45044
45044
45044
45044
45044
45044
45044
45044
45044
45044
45044
45044
45044
45044
45044
45044
45044
45044
45044
45044
45044
45044
45044
45044
45044
45044
45044
45044
45044
45044
45044
45044
45044
45044
45044
45044
45044
45044
45044
45044
45044
45044
45044
45044
45044
45044
45044
45044
45044
45044
45044
45044
45044
45044
45044
45044
45044
45044
45044
45044
45044
45044
45044
45044
45044
45044
45044
45044
45044
45044
45044
45044
45044
45044
45044
45044
45044
45044
45044
45044
45044
45044
45044
45044
45044
45044
45044
45044
45044
45044
45044
45044
45044
45044
45044
45044
45044
45044
45044
45044
45044
45044
45044
45044
45044
45044
45044
45044
45044
45044
45044
45044
45044
45044
45044
45044
45044
45044
45044
45044
45044
45044
45044
45044
45044
45044
45044
45044
45044
45044
45044
45044
45044
45044
45044
45044
45044
45044
45044
45044
45044
45044
45044
45044
45044
45044
45044
45044
45044
45044
45044
45044
45044
45044
45044
45044
45044
45044
45044
45044
45044
45044
45044
45044
45044
45044
45044
45044
45044
45044
45044
45044
45044
45044
45044
45044
45044
45044
45044
45044
45044
45044
45044
45044
45044
45044
45044
45044
45044
45044
45044
45044
45044
45044
45044
45044
45044
45044
45044
45044
45044
45044
45044
45044
45044
45044
45044
45044
45044
45044
45044
45044
45044
45044
45044
45044
45044
45044
45044
45044
45044
45044
45044
45044
45044
45044
45044
45044
45044
45044
45044
45044
45044
45044
45044
45044
45044
45044
45044
45044
45044
45044
45044
45044
45044
45044
45044
45044
45044
45044
45044
45044
45044
45044
45044
45044
45044
45044
45044
45044
45044
45044
45044
45044
45044
45044
45044
45044
45044
45044
45044
45044
45044
45044
45044
45044
45044
45044
45044
45044
45044
45044
45044
45044
45044
45044
45044
45044
45044
45044
45044
45044
45044
45044
45044
45044
45044
45044
45044
45044
45044
45044
45044
45044
45044
45044
45044
45044
45044
45044
45044
45044
45044
45044
45044
45044
45044
45044
45044
45044
45044
45044
45044
45044
45044
45044
45044
45044
45044
45044
45044
45044
45044
45044
45044
45044
45044
45044
45044
45044
45044
45044
45044
45044
45044
45044
45044
45044
45044
45044
45044
45044
45044
45044
45044
45044
45044
45044
45044
45044
45044
45044
45044
45044
45044
45044
45044
45044
45044
45044
45044
45044
45044
45044
45044
45044
45044
45044
45044
45044
45044
45044
45044
45044
45044
45044
45044
45044
45044
45044
45044
45044
45044
45044
45044
45044
45044
45044
45044
45044
45044
45044
45044
45044
45044
45044
45044
45044
45044
45044
45044
45044
45044
45044
45044
45044
45044
45044
45044
45044
45044
45044
45044
45044
45044
45044
45044
45044
45044
45044
45044
45044
45044
45044
45044
45044
45044
45044
45044
45044
45044
45044
45044
45044
45044
45044
45044
45044
45044
45044
45044
45044
45044
45044
45044
45044
45044
45044
45044
45044
45044
45044
45044
45044
45044
45044
45044
45044
45044
45044
45044
45044
45044
45044
45044
45044
45044
45044
45044
45044
45044
45044
45044
45044
45044
45044
45044
45044
45044
45044
45044
45044
45044
45044
45044
45044
45044
45044
45044
45044
45044
45044
45044
45044
45044
45044
45044
45044
45044
45044
45044
45044
45044
45044
45044
45044
45044
45044
45044
45044
45044
45044
45044
45044
45044
45044
45044
45044
45044
45044
45044
45044
45044
45044
45044
45044
45044
45044
45044
45044
45044
45044
45044
45044
45044
45044
45044
45044
45044
45044
45044
45044
45044
45044
45044
45044
45044
45044
45044
45044
45044
45044
45044
45044
45044
45044
45044
45044
45044
45044
45044
45044
45044
45044
45044
45044
45044
45044
45044
45044
45044
45044
45044
45044
45044
45044
45044
45044
45044
45044
45044
45044
45044
45044
45044
45044
45044
45044
45044
45044
45044
45044
45044
45044
45044
45044
45044
45044
45044
45044
45044
45044
45044
45044
45044
45044
45044
45044
45044
45044
45044
45044
45044
45044
45044
45044
45044
45044
45044
45044
45044
45044
45044
45044
45044
45044
45044
45044
45044
45044
45044
45044
45044
45044
45044
45044
45044
45044
45044
45044
45044
45044
45044
45044
45044
45044
45044
45044
45044
45044
45044
45044
45044
45044
45044
45044
45044
45044
45044
45044
45044
45044
45044
45044
45044
45044
45044
45044
45044
45044
45044
45044
45044
45044
45044
45044
45044
45044
45044
45044
45044
45044
45044
45044
45044
45044
45044
45044
45044
45044
45044
45044
45044
45044
45044
45044
45044
45044
45044
45044
45044
45044
45044
45044
45044
45044
45044
45044
45044
45044
45044
45044
45044
45044
45044
45044
45044
45044
45044
45044
45044
45044
45044
45044
45044
45044
45044
45044
45044
45044
45044
45044
45044
45044
45044
45044
45044
45044
45044
45044
45044
45044
45044
45044
45044
45044
45044
45044
45044
45044
45044
45044
45044
45044
45044
45044
45044
45044
45044
45044
45044
45044
45044
45044
45044
45044
45044
45044
45044
45044
45044
45044
45044
45044
45044
45044
45044
45044
45044
45044
45044
45044
45044
45044
45044
45044
45044
45044
45044
45044
45044
45044
45044
45044
45044
45044
45044
45044
45044
45044
45044
45044
45044
45044
45044
45044
45044
45044
45044
45044
45044
45044
45044
45044
45044
45044
45044
45044
45044
45044
45044
45044
45044
45044
45044
45044
45044
45044
45044
45044
45044
45044
45044
45044
45044
45044
45044
45044
45044
45044
45044
45044
45044
45044
45044
45044
45044
45044
45044
45044
45044
45044
45044
45044
45044
45044
45044
45044
45044
45044
45044
45044
45044
45044
45044
45044
45044
45044
45044
45044
45044
45044
45044
45044
45044
45044
45044
45044
45044
45044
45044
45044
45044
45044
45044
45044
45044
45044
45044
45044
45044
45044
45044
45044
45044
45044
45044
45044
45044
45044
45044
45044
45044
45044
45044
45044
45044
45044
45044
45044
45044
45044
45044
45044
45044
45044
45044
45044
45044
45044
45044
45044
45044
45044
45044
45044
45044
45044
45044
45044
45044
45044
45044
45044
45044
45044
45044
45044
45044
45044
45044
45044
45044
45044
45044
45044
45044
45044
45044
45044
45044
45044
45044
45044
45044
45044
45044
45044
45044
45044
45044
45044
45044
45044
45044
45044
45044
45044
45044
45044
45044
45044
45044
45044
45044
45044
45044
45044
45044
45044
45044
45044
45044
45044
45044
45044
45044
45046
45046
45046
45046
45046
45046
45046
45046
45046
45046
45046
45046
45046
45046
45046
45046
45046
45046
45046
45046
45046
45046
45046
45046
45046
45046
45046
45046
45046
45046
45046
45046
45046
45046
45046
45046
45046
45046
45046
45046
45046
45046
45046
45046
45046
45046
45046
45046
45046
45046
45046
45046
45046
45046
45046
45046
45046
45046
45046
45046
45046
45046
45046
45046
45046
45046
45046
45046
45046
45046
45046
45046
45046
45046
45046
45046
45046
45046
45046
45046
45046
45046
45046
45046
45046
45046
45046
45046
45046
45046
45046
45046
45046
45046
45046
45046
45046
45046
45046
45046
45046
45046
45046
45046
45046
45046
45046
45046
45046
45046
45046
45046
45046
45046
45046
45046
45046
45046
45046
45046
45046
45046
45046
45046
45046
45046
45046
45046
45046
45046
45046
45046
45046
45046
45046
45046
45046
45046
45046
45046
45046
45046
45046
45046
45046
45046
45046
45046
45046
45046
45046
45046
45046
45046
45046
45046
45046
45046
45046
45046
45046
45046
45046
45046
45046
45046
45046
45046
45046
45046
45046
45046
45046
45046
45046
45046
45046
45046
45046
45046
45046
45046
45046
45046
45046
45046
45046
45046
45046
45046
45046
45046
45046
45046
45046
45046
45046
45046
45046
45046
45046
45046
45046
45046
45046
45046
45046
45046
45046
45046
45046
45046
45046
45046
45046
45046
45046
45046
45046
45046
45046
45046
45046
45046
45046
45046
45046
45046
45046
45046
45046
45046
45046
45046
45046
45046
45046
45046
45046
45046
45046
45046
45046
45046
45046
45046
45046
45046
45046
45046
45046
45046
45046
45046
45046
45046
45046
45046
45046
45046
45046
45046
45046
45046
45046
45046
45046
45046
45046
45046
45046
45046
45046
45046
45046
45046
45046
45046
45046
45046
45046
45046
45046
45046
45046
45046
45046
45046
45046
45046
45046
45046
45046
45046
45046
45046
45046
45046
45046
45046
45046
45046
45046
45046
45046
45046
45046
45046
45046
45046
45046
45046
45046
45046
45046
45046
45046
45046
45046
45046
45046
45046
45046
45046
45046
45046
45046
45046
45046
45046
45046
45046
45046
45046
45046
45046
45046
45046
45046
45046
45046
45046
45046
45046
45046
45046
45046
45046
45046
45046
45046
45046
45046
45046
45046
45046
45046
45046
45046
45046
45046
45046
45046
45046
45046
45046
45046
45046
45046
45046
45046
45046
45046
45046
45046
45046
45046
45046
45046
45046
45046
45046
45046
45046
45046
45046
45046
45046
45046
45046
45046
45046
45046
45046
45046
45046
45046
45046
45046
45046
45046
45046
45046
45046
45046
45046
45046
45046
45046
45046
45046
45046
45046
45046
45046
45046
45046
45046
45046
45046
45046
45046
45046
45046
45046
45046
45046
45046
45046
45046
45046
45046
45046
45046
45046
45046
45046
45046
45046
45046
45046
45046
45046
45046
45046
45046
45046
45046
45046
45046
45046
45046
45046
45046
45046
45046
45046
45046
45046
45046
45046
45046
45046
45046
45046
45046
45046
45046
45046
45046
45046
45046
45046
45046
45046
45046
45046
45046
45046
45046
45046
45046
45046
45046
45046
45046
45046
45046
45046
45046
45046
45046
45046
45046
45046
45046
45046
45046
45046
45046
45046
45046
45046
45046
45046
45046
45046
45046
45046
45046
45046
45046
45046
45046
45046
45046
45046
45046
45046
45046
45046
45046
45046
45046
45046
45046
45046
45046
45046
45046
45046
45046
45046
45046
45046
45046
45046
45046
45046
45046
45046
45046
45046
45046
45046
45046
45046
45046
45046
45046
45046
45046
45046
45046
45046
45046
45046
45046
45046
45046
45046
45046
45046
45046
45046
45046
45046
45046
45046
45046
45046
45046
45046
45046
45046
45046
45046
45046
45046
45046
45046
45046
45046
45046
45046
45046
45046
45046
45046
45046
45046
45046
45046
45046
45046
45046
45046
45046
45046
45046
45046
45046
45046
45046
45046
45046
45046
45046
45046
45046
45046
45046
45046
45046
45046
45046
45046
45046
45046
45046
45046
45046
45046
45046
45046
45046
45046
45046
45046
45046
45046
45046
45046
45046
45046
45046
45046
45046
45046
45046
45046
45046
45046
45046
45046
45046
45046
45046
45046
45046
45046
45046
45046
45046
45046
45046
45046
45046
45046
45046
45046
45046
45046
45046
45046
45046
45046
45046
45046
45046
45046
45046
45046
45046
45046
45046
45046
45046
45046
45046
45046
45046
45046
45046
45046
45046
45046
45046
45046
45046
45046
45046
45046
45046
45046
45046
45046
45046
45046
45046
45046
45046
45046
45046
45046
45046
45046
45046
45046
45046
45046
45046
45046
45046
45046
45046
45046
45046
45046
45046
45046
45046
45046
45046
45046
45046
45046
45046
45046
45046
45046
45046
45046
45046
45046
45046
45046
45046
45046
45046
45046
45046
45046
45046
45046
45046
45046
45046
45046
45046
45046
45046
45046
45046
45046
45046
45046
45046
45046
45046
45046
45046
45046
45046
45046
45046
45046
45046
45046
45046
45046
45046
45046
45046
45046
45046
45046
45046
45046
45046
45046
45046
45046
45046
45046
45046
45046
45046
45046
45046
45046
45046
45046
45046
45046
45046
45046
45046
45046
45046
45046
45046
45046
45046
45046
45046
45046
45046
45046
45046
45046
45046
45046
45046
45046
45046
45046
45046
45046
45046
45046
45046
45046
45046
45046
45046
45046
45046
45046
45046
45046
45046
45046
45046
45046
45046
45046
45046
45046
45046
45046
45046
45046
45046
45046
45046
45046
45046
45046
45046
45046
45046
45046
45046
45046
45046
45046
45046
45046
45046
45046
45046
45046
45046
45046
45046
45046
45046
45046
45046
45046
45046
45046
45046
45046
45046
45046
45046
45046
45046
45046
45046
45046
45046
45046
45046
45046
45046
45046
45046
45046
45046
45046
45046
45046
45046
45046
45046
45046
45046
45046
45046
45046
45046
45046
45046
45046
45046
45046
45046
45046
45046
45046
45046
45046
45046
45046
45046
45046
45046
45046
45046
45046
45046
45046
45046
45046
45046
45046
45046
45046
45046
45046
45046
45046
45046
45046
45046
45046
45046
45046
45046
45046
45046
45046
45046
45046
45046
45046
45046
45046
45046
45046
45046
45046
45046
45046
45046
45046
45046
45046
45046
45046
45046
45046
45046
45046
45046
45046
45046
45046
45046
45046
45046
45046
45046
45046
45046
45046
45046
45046
45046
45046
45046
45046
45046
45046
45046
45046
45046
45046
45046
45046
45046
45046
45046
45046
45046
45046
45046
45046
45046
45046
45046
45046
45046
45046
45046
45046
45046
45046
45046
45046
45046
45046
45046
45046
45046
45046
45046
45046
45046
45046
45046
45046
45046
45046
45046
45046
45046
45046
45046
45046
45046
45046
45046
45046
45046
45046
45046
45046
45046
45046
45046
45046
45046
45046
45046
45046
45046
45046
45046
45046
45046
45046
45046
45046
45046
45046
45046
45046
45046
45046
45046
45046
45046
45046
45046
45046
45046
45046
45046
45046
45046
45046
45046
45046
45046
45046
45046
45046
45046
45046
45046
45046
45046
45046
45046
45046
45046
45046
45046
45046
45046
45046
45046
45046
45046
45046
45046
45046
45046
45046
45046
45046
45046
45046
45046
45046
45046
45046
45046
45046
45046
45046
45046
45046
45046
45046
45046
45046
45046
45046
45046
45046
45046
45046
45046
45046
45046
45046
45046
45046
45046
45046
45046
45046
45046
45046
45046
45046
45046
45046
45046
45046
45046
45046
45046
45046
45046
45046
45046
45046
45046
45046
45046
45046
45046
45046
45046
45046
45046
45046
45046
45046
45046
45046
45046
45046
45046
45046
45046
45046
45046
45046
45046
45046
45046
45046
45046
45046
45046
45046
45046
45046
45046
45046
45046
45046
45046
45046
45046
45046
45046
45046
45046
45046
45046
45046
45046
45046
45046
45046
45046
45046
45046
45046
45046
45046
45046
45046
45046
45046
45046
45046
45046
45046
45046
45046
45046
45046
45046
45046
45046
45046
45046
45046
45046
45046
45046
45046
45046
45046
45046
45046
45046
45046
45046
45046
45046
45046
45046
45046
45046
45046
45046
45046
45046
45046
45046
45046
45046
45046
45046
45046
45046
45046
45046
45046
45046
45046
45046
45046
45046
45046
45046
45046
45046
45046
45046
45046
45046
45046
45046
45046
45046
45046
45046
45046
45046
45046
45046
45046
45046
45046
45046
45046
45046
45046
45046
45046
45046
45046
45046
45046
45046
45046
45046
45046
45046
45046
45046
45046
45046
45046
45046
45046
45046
45046
45046
45046
45046
45046
45046
45046
45046
45046
45046
45046
45046
45046
45046
45046
45046
45046
45046
45046
45046
45046
45046
45046
45046
45046
45046
45046
45046
45046
45046
45046
45046
45046
45046
45046
45046
45046
45046
45046
45046
45046
45046
45046
45046
45046
45046
45046
45046
45046
45046
45046
45046
45046
45046
45046
45046
45046
45046
45046
45046
45046
45046
45046
45046
45046
45046
45046
45046
45046
45046
45046
45046
45046
45046
45046
45046
45046
45046
45046
45046
45046
45046
45046
45046
45046
45046
45046
45046
45046
45046
45046
45046
45046
45046
45046
45046
45046
45046
45046
45046
45046
45046
45046
45046
45046
45046
45046
45046
45046
45046
45046
45046
45046
45046
45046
45046
45046
45046
45046
45046
45046
45046
45046
45046
45046
45046
45046
45046
45046
45046
45046
45046
45046
45046
45046
45046
45046
45046
45046
45046
45046
45046
45046
45046
45046
45046
45046
45046
45046
45046
45046
45046
45046
45046
45046
45046
45046
45046
45046
45046
45046
45046
45046
45046
45046
45046
45046
45046
45046
45046
45046
45046
45046
45046
45046
45046
45046
45046
45046
45046
45046
45046
45046
45046
45046
45046
45046
45046
45046
45046
45046
45046
45046
45046
45046
45046
45046
45046
45046
45046
45046
45046
45046
45046
45046
45046
45046
45046
45046
45046
45046
45046
45046
45046
45046
45046
45046
45046
45046
45046
45046
45046
45046
45046
45046
45046
45046
45046
45046
45046
45046
45046
45046
45046
45046
45046
45046
45046
45046
45046
45046
45046
45046
45046
45046
45046
45046
45046
45046
45046
45046
45046
45046
45046
45046
45046
45046
45046
45046
45046
45046
45046
45046
45046
45046
45046
45046
45046
45046
45046
45046
45046
45046
45046
45046
45046
45046
45046
45046
45046
45046
45046
45046
45046
45046
45046
45046
45046
45046
45046
45046
45046
45046
45046
45046
45046
45046
45046
45046
45046
45046
45046
45046
45046
45046
45046
45046
45046
45046
45046
45046
45046
45046
45046
45046
45046
45046
45046
45046
45046
45046
45046
45046
45046
45046
45046
45046
45046
45046
45046
45046
45046
45046
45046
45046
45046
45046
45046
45046
45046
45046
45046
45046
45046
45046
45046
45046
45046
45046
45046
45046
45046
45046
45046
45046
45046
45046
45046
45046
45046
45046
45046
45046
45046
45046
45046
45046
45046
45046
45046
45046
45046
45046
45046
45046
45046
45046
45046
45046
45046
45046
45046
45046
45046
45046
45046
45046
45046
45046
45046
45046
45046
45046
45046
45046
45046
45046
45046
45046
45046
45046
45046
45046
45046
45046
45046
45046
45046
45046
45046
45046
45046
45046
45046
45046
45046
45046
45046
45046
45046
45046
45046
45046
45046
45046
45046
45046
45046
45046
45046
45046
45046
45046
45046
45046
45046
45046
45046
45046
45046
45046
45046
45046
45046
45046
45046
45046
45046
45046
45046
45046
45046
45046
45046
45046
45046
45046
45046
45046
45046
45046
45046
45046
45046
45046
45046
45046
45046
45046
45046
45046
45046
45046
45046
45046
45046
45046
45046
45046
45046
45046
45046
45046
45046
45046
45046
45046
45046
45046
45046
45046
45046
45046
45046
45046
45046
45046
45046
45046
45046
45046
45046
45046
45046
45046
45046
45046
45046
45046
45046
45046
45046
45046
45046
45046
45046
45046
45046
45046
45046
45046
45046
45046
45046
45046
45046
45046
45046
45046
45046
45046
45046
45046
45046
45046
45046
45046
45046
45046
45046
45046
45046
45046
45046
45046
45046
45046
45046
45046
45046
45046
45046
45046
45046
45046
45046
45046
45046
45046
45046
45046
45046
45046
45046
45046
45046
45046
45046
45046
45046
45046
45046
45046
45046
45046
45046
45046
45046
45046
45046
45046
45046
45046
45046
45046
45046
45046
45046
45046
45046
45046
45046
45046
45046
45046
45046
45046
45046
45046
45046
45046
45046
45046
45046
45046
45046
45046
45046
45046
45046
45046
45046
45046
45046
45046
45046
45046
45046
45046
45046
45046
45046
45046
45046
45046
45046
45046
45046
45046
45046
45046
45046
45046
45046
45046
45046
45046
45046
45046
45046
45046
45046
45046
45046
45046
45046
45046
45046
45046
45046
45046
45046
45046
45046
45046
45046
45046
45046
45046
45046
45046
45046
45046
45046
45046
45046
45046
45046
45046
45046
45046
45046
45046
45046
45046
45046
45046
45046
45046
45046
45046
45046
45046
45046
45046
45046
45046
45046
45046
45046
45046
45046
45046
45046
45046
45046
45046
45046
45046
45046
45046
45046
45046
45046
45046
45046
45046
45046
45046
45046
45046
45046
45046
45046
45046
45046
45046
45046
45046
45046
45046
45046
45046
45046
45046
45046
45046
45046
45046
45046
45046
45046
45046
45046
45046
45046
45046
45046
45046
45046
45046
45046
45046
45046
45046
45046
45046
45046
45046
45046
45046
45046
45046
45046
45046
45046
45046
45046
45046
45046
45046
45046
45046
45046
45046
45046
45046
45046
45046
45046
45046
45046
45046
45046
45046
45046
45046
45046
45046
45046
45046
45046
45046
45046
45046
45046
45046
45046
45046
45046
45046
45046
45046
45046
45046
45046
45046
45046
45046
45046
45046
45046
45046
45046
45046
45046
45046
45046
45046
45046
45046
45046
45046
45046
45046
45046
45046
45046
45046
45046
45046
45046
45046
45046
45046
45046
45046
45046
45046
45046
45046
45046
45046
45046
45046
45046
45046
45046
45046
45046
45046
45046
45046
45046
45046
45046
45046
45046
45046
45046
45046
45046
45046
45046
45046
45046
45046
45046
45046
45046
45046
45046
45046
45046
45046
45046
45046
45046
45046
45046
45046
45046
45046
45046
45046
45046
45046
45046
45046
45046
45046
45046
45046
45046
45046
45046
45046
45046
45046
45046
45046
45046
45046
45046
45046
45046
45046
45046
45046
45046
45046
45046
45046
45046
45046
45046
45046
45046
45046
45046
45046
45046
45046
45046
45046
45046
45046
45046
45046
45046
45046
45046
45046
45046
45046
45046
45046
45046
45046
45046
45046
45046
45046
45046
45046
45046
45046
45046
45046
45046
45046
45046
45046
45046
45046
45046
45046
45046
45046
45046
45046
45046
45046
45046
45046
45046
45046
45046
45046
45046
45046
45046
45046
45046
45046
45046
45046
45046
45046
45046
45046
45046
45046
45046
45046
45046
45046
45046
45046
45046
45046
45046
45046
45046
45046
45046
45046
45046
45046
45046
45046
45046
45046
45046
45046
45046
45046
45046
45046
45046
45046
45046
45046
45046
45046
45046
45046
45046
45046
45046
45046
45046
45046
45046
45046
45046
45046
45046
45046
45046
45046
45046
45046
45046
45046
45046
45046
45046
45046
45046
45046
45046
45046
45046
45046
45046
45046
45046
45046
45046
45046
45046
45046
45046
45046
45046
45046
45046
45046
45046
45046
45046
45046
45046
45046
45046
45046
45046
45046
45046
45046
45046
45046
45046
45046
45046
45046
45046
45046
45046
45046
45046
45046
45046
45046
45046
45046
45046
45046
45046
45046
45046
45046
45046
45046
45046
45046
45046
45046
45046
45046
45046
45046
45046
45046
45046
45046
45046
45046
45046
45046
45046
45046
45046
45046
45046
45046
45046
45046
45046
45046
45046
45046
45046
45046
45046
45046
45046
45046
45046
45046
45046
45046
45046
45046
45046
45046
45046
45046
45046
45046
45046
45046
45046
45046
45046
45046
45046
45046
45046
45046
45046
45046
45046
45046
45046
45046
45046
45046
45046
45046
45046
45046
45046
45046
45046
45046
45046
45046
45046
45046
45046
45046
45046
45046
45046
45046
45046
45046
45046
45046
45046
45046
45046
45046
45046
45046
45046
45046
45046
45046
45046
45046
45046
45046
45046
45046
45046
45046
45046
45046
45046
45046
45046
45046
45046
45046
45046
45046
45046
45046
45046
45046
45046
45046
45046
45046
45046
45046
45046
45046
45046
45046
45046
45046
45046
45046
45046
45046
45046
45046
45046
45046
45046
45046
45046
45046
45046
45046
45046
45046
45046
45046
45046
45046
45046
45046
45046
45046
45046
45046
45046
45046
45046
45046
45046
45046
45046
45046
45046
45046
45046
45046
45046
45046
45046
45046
45046
45046
45046
45046
45046
45046
45046
45046
45046
45046
45046
45046
45046
45046
45046
45046
45046
45046
45046
45046
45046
45046
45046
45046
45046
45046
45046
45046
45046
45046
45046
45046
45046
45046
45046
45046
45046
45046
45046
45046
45046
45046
45046
45046
45046
45046
45046
45046
45046
45046
45046
45046
45046
45046
45046
45046
45046
45046
45046
45046
45046
45046
45046
45046
45046
45046
45046
45046
45046
45046
45046
45046
45046
45046
45046
45046
45046
45046
45046
45046
45046
45046
45046
45046
45046
45046
45046
45046
45046
45046
45046
45046
45046
45046
45046
45046
45046
45046
45046
45046
45046
45046
45046
45046
45046
45046
45046
45046
45046
45046
45046
45046
45046
45046
45046
45046
45046
45046
45046
45046
45046
45046
45046
45046
45046
45046
45046
45046
45046
45046
45046
45046
45046
45046
45046
45046
45046
45046
45046
45046
45046
45046
45046
45046
45046
45046
45046
45046
45046
45046
45046
45046
45046
45046
45046
45046
45046
45046
45046
45046
45046
45046
45046
45046
45046
45046
45046
45046
45046
45046
45046
45046
45046
45046
45046
45046
45046
45046
45046
45046
45046
45046
45046
45046
45046
45046
45046
45046
45046
45046
45046
45046
45046
45046
45046
45046
45046
45046
45046
45046
45046
45046
45046
45046
45046
45046
45046
45046
45046
45046
45046
45046
45046
45046
45046
45046
45046
45046
45046
45046
45046
45046
45046
45046
45046
45046
45046
45046
45046
45046
45046
45046
45046
45046
45046
45046
45046
45046
45046
45046
45046
45046
45046
45046
45046
45046
45046
45046
45046
45046
45046
45046
45046
45046
45046
45046
45046
45046
45046
45046
45046
45046
45046
45046
45046
45046
45046
45046
45046
45046
45046
45046
45046
45046
45046
45046
45046
45046
45046
45046
45046
45046
45046
45046
45046
45046
45046
45046
45046
45046
45046
45046
45046
45046
45046
45046
45046
45046
45046
45046
45046
45046
45046
45046
45046
45046
45046
45046
45046
45046
45046
45046
45046
45046
45046
45046
45046
45046
45046
45046
45046
45046
45046
45046
45046
45046
45046
45046
45046
45046
45046
45046
45046
45046
45046
45046
45046
45046
45046
45046
45046
45046
45046
45046
45046
45046
45046
45046
45046
45046
45046
45046
45046
45046
45046
45046
45046
45046
45046
45046
45046
45046
45046
45046
45046
45046
45046
45046
45046
45046
45046
45046
45046
45046
45046
45046
45046
45046
45046
45046
45046
45046
45046
45046
45046
45046
45046
45046
45046
45046
45046
45046
45046
45046
45046
45046
45046
45046
45046
45046
45046
45046
45046
45046
45046
45046
45046
45046
45046
45046
45046
45046
45046
45046
45046
45046
45046
45046
45046
45046
45046
45046
45046
45046
45046
45046
45046
45046
45046
45046
45046
45046
45046
45046
45046
45046
45046
45046
45046
45046
45046
45046
45046
45046
45046
45046
45046
45046
45046
45046
45046
45046
45046
45046
45046
45046
45046
45046
45046
45046
45046
45046
45046
45046
45046
45046
45046
45046
45046
45046
45046
45046
45046
45046
45046
45046
45046
45046
45046
45046
45046
45046
45046
45046
45046
45046
45046
45046
45046
45046
45046
45046
45046
45046
45046
45046
45046
45046
45046
45046
45046
45046
45046
45046
45046
45046
45046
45046
45046
45046
45046
45046
45046
45046
45046
45046
45046
45046
45046
45046
45046
45046
45046
45046
45046
45046
45046
45046
45046
45046
45046
45046
45046
45046
45046
45046
45046
45046
45046
45046
45046
45046
45046
45046
45046
45046
45046
45046
45046
45046
45046
45046
45046
45046
45046
45046
45046
45046
45046
45046
45046
45046
45046
45046
45046
45046
45046
45046
45046
45046
45046
45046
45046
45046
45046
45046
45046
45046
45046
45046
45046
45046
45046
45046
45046
45046
45046
45046
45046
45046
45046
45046
45046
45046
45046
45046
45046
45046
45046
45046
45046
45046
45046
45046
45046
45046
45046
45046
45046
45046
45046
45046
45046
45046
45046
45046
45046
45046
45046
45046
45046
45046
45046
45046
45046
45046
45046
45046
45046
45046
45046
45046
45046
45046
45046
45046
45046
45046
45046
45046
45046
45046
45046
45046
45046
45046
45046
45046
45046
45046
45046
45046
45046
45046
45046
45046
45046
45046
45046
45046
45046
45046
45046
45046
45046
45046
45046
45046
45046
45046
45046
45046
45046
45046
45046
45046
45046
45046
45046
45046
45046
45046
45046
45046
45046
45046
45046
45046
45046
45046
45046
45046
45046
45046
45046
45046
45046
45046
45046
45046
45046
45046
45046
45046
45046
45046
45046
45046
45046
45046
45046
45046
45046
45046
45046
45046
45046
45046
45046
45046
45046
45046
45046
45046
45046
45046
45046
45046
45046
45046
45046
45046
45046
45046
45046
45046
45046
45046
45046
45046
45046
45046
45046
45046
45046
45046
45046
45046
45046
45046
45046
45046
45046
45046
45046
45046
45046
45046
45046
45046
45046
45046
45046
45046
45046
45046
45046
45046
45046
45046
45046
45046
45046
45046
45046
45046
45046
45046
45046
45046
45046
45046
45046
45046
45046
45046
45046
45046
45046
45046
45046
45046
45046
45046
45046
45046
45046
45046
45046
45046
45046
45046
45046
45046
45046
45046
45046
45046
45046
45046
45046
45046
45046
45046
45046
45046
45046
45046
45046
45046
45046
45046
45046
45046
45046
45046
45046
45046
45046
45046
45046
45046
45046
45046
45046
45046
45046
45046
45046
45046
45046
45046
45046
45046
45046
45046
45046
45046
45046
45046
45046
45046
45046
45046
45046
45046
45046
45046
45046
45046
45046
45046
45046
45046
45046
45046
45046
45046
45046
45046
45046
45046
45046
45046
45046
45046
45046
45046
45046
45046
45046
45046
45046
45046
45046
45046
45046
45046
45046
45046
45046
45046
45046
45046
45046
45046
45046
45046
45046
45046
45046
45046
45046
45046
45046
45046
45046
45046
45046
45046
45046
45046
45046
45046
45046
45046
45046
45046
45046
45046
45046
45046
45046
45046
45046
45046
45046
45046
45046
45046
45046
45046
45046
45046
45046
45046
45046
45046
45046
45046
45046
45046
45046
45046
45046
45046
45046
45046
45046
45046
45046
45046
45046
45046
45046
45046
45046
45046
45046
45046
45046
45046
45046
45046
45046
45046
45046
45046
45046
45046
45046
45046
45046
45046
45046
45046
45046
45046
45046
45046
45046
45046
45048
45048
45048
45048
45048
45048
45048
45048
45048
45048
45048
45048
45048
45048
45048
45048
45048
45048
45048
45048
45048
45048
45048
45048
45048
45048
45048
45048
45048
45048
45048
45048
45048
45048
45048
45048
45048
45048
45048
45048
45048
45048
45048
45048
45048
45048
45048
45048
45048
45048
45048
45048
45048
45048
45048
45048
45048
45048
45048
45048
45048
45048
45048
45048
45048
45048
45048
45048
45048
45048
45048
45048
45048
45048
45048
45048
45048
45048
45048
45048
45048
45048
45048
45048
45048
45048
45048
45048
45048
45048
45048
45048
45048
45048
45048
45048
45048
45048
45048
45048
45048
45048
45048
45048
45048
45048
45048
45048
45048
45048
45048
45048
45048
45048
45048
45048
45048
45048
45048
45048
45048
45048
45048
45048
45048
45048
45048
45048
45048
45048
45048
45048
45048
45048
45048
45048
45048
45048
45048
45048
45048
45048
45048
45048
45048
45048
45048
45048
45048
45048
45048
45048
45048
45048
45048
45048
45048
45048
45048
45048
45048
45048
45048
45048
45048
45048
45048
45048
45048
45048
45048
45048
45048
45048
45048
45048
45048
45048
45048
45048
45048
45048
45048
45048
45048
45048
45048
45048
45048
45048
45048
45048
45048
45048
45048
45048
45048
45048
45048
45048
45048
45048
45048
45048
45048
45048
45048
45048
45048
45048
45048
45048
45048
45048
45048
45048
45048
45048
45048
45048
45048
45048
45048
45048
45048
45048
45048
45048
45048
45048
45048
45048
45048
45048
45048
45048
45048
45048
45048
45048
45048
45048
45048
45048
45048
45048
45048
45048
45048
45048
45048
45048
45048
45048
45048
45048
45048
45048
45048
45048
45048
45048
45048
45048
45048
45048
45048
45048
45048
45048
45048
45048
45048
45048
45048
45048
45048
45048
45048
45048
45048
45048
45048
45048
45048
45048
45048
45048
45048
45048
45048
45048
45048
45048
45048
45048
45048
45048
45048
45048
45048
45048
45048
45048
45048
45048
45048
45048
45048
45048
45048
45048
45048
45048
45048
45048
45048
45048
45048
45048
45048
45048
45048
45048
45048
45048
45048
45048
45048
45048
45048
45048
45048
45048
45048
45048
45048
45048
45048
45048
45048
45048
45048
45048
45048
45048
45048
45048
45048
45048
45048
45048
45048
45048
45048
45048
45048
45048
45048
45048
45048
45048
45048
45048
45048
45048
45048
45048
45048
45048
45048
45048
45048
45048
45048
45048
45048
45048
45048
45048
45048
45048
45048
45048
45048
45048
45048
45048
45048
45048
45048
45048
45048
45048
45048
45048
45048
45048
45048
45048
45048
45048
45048
45048
45048
45048
45048
45048
45048
45048
45048
45048
45048
45048
45048
45048
45048
45048
45048
45048
45048
45048
45048
45048
45048
45048
45048
45048
45048
45048
45048
45048
45048
45048
45048
45048
45048
45048
45048
45048
45048
45048
45048
45048
45048
45048
45048
45048
45048
45048
45048
45048
45048
45048
45048
45048
45048
45048
45048
45048
45048
45048
45048
45048
45048
45048
45048
45048
45048
45048
45048
45048
45048
45048
45048
45048
45048
45048
45048
45048
45048
45048
45048
45048
45048
45048
45048
45048
45048
45048
45048
45048
45048
45048
45048
45048
45048
45048
45048
45048
45048
45048
45048
45048
45048
45048
45048
45048
45048
45048
45048
45048
45048
45048
45048
45048
45048
45048
45048
45048
45048
45048
45048
45048
45048
45048
45048
45048
45048
45048
45048
45048
45048
45048
45048
45048
45048
45048
45048
45048
45048
45048
45048
45048
45048
45048
45048
45048
45048
45048
45048
45048
45048
45048
45048
45048
45048
45048
45048
45048
45048
45048
45048
45048
45048
45048
45048
45048
45048
45048
45048
45048
45048
45048
45048
45048
45048
45048
45048
45048
45048
45048
45048
45048
45048
45048
45048
45048
45048
45048
45048
45048
45048
45048
45048
45048
45048
45048
45048
45048
45048
45048
45048
45048
45048
45048
45048
45048
45048
45048
45048
45048
45048
45048
45048
45048
45048
45048
45048
45048
45048
45048
45048
45048
45048
45048
45048
45048
45048
45048
45048
45048
45048
45048
45048
45048
45048
45048
45048
45048
45048
45048
45048
45048
45048
45048
45048
45048
45048
45048
45048
45048
45048
45048
45048
45048
45048
45048
45048
45048
45048
45048
45048
45048
45048
45048
45048
45048
45048
45048
45048
45048
45048
45048
45048
45048
45048
45048
45048
45048
45048
45048
45048
45048
45048
45048
45048
45048
45048
45048
45048
45048
45048
45048
45048
45048
45048
45048
45048
45048
45048
45048
45048
45048
45048
45048
45048
45048
45048
45048
45048
45048
45048
45048
45048
45048
45048
45048
45048
45048
45048
45048
45048
45048
45048
45048
45048
45048
45048
45048
45048
45048
45048
45048
45048
45048
45048
45048
45048
45048
45048
45048
45048
45048
45048
45048
45048
45048
45048
45048
45048
45048
45048
45048
45048
45048
45048
45048
45048
45048
45048
45048
45048
45048
45048
45048
45048
45048
45048
45048
45048
45048
45048
45048
45048
45048
45048
45048
45048
45048
45048
45048
45048
45048
45048
45048
45048
45048
45048
45048
45048
45048
45048
45048
45048
45048
45048
45048
45048
45048
45048
45048
45048
45048
45048
45048
45048
45048
45048
45048
45048
45048
45048
45048
45048
45048
45048
45048
45048
45048
45048
45048
45048
45048
45048
45048
45048
45048
45048
45048
45048
45048
45048
45048
45048
45048
45048
45048
45048
45048
45048
45048
45048
45048
45048
45048
45048
45048
45048
45048
45048
45048
45048
45048
45048
45048
45048
45048
45048
45048
45048
45048
45048
45048
45048
45048
45048
45048
45048
45048
45048
45048
45048
45048
45048
45048
45048
45048
45048
45048
45048
45048
45048
45048
45048
45048
45048
45048
45048
45048
45048
45048
45048
45048
45048
45048
45048
45048
45048
45048
45048
45048
45048
45048
45048
45048
45048
45048
45048
45048
45048
45048
45048
45048
45048
45048
45048
45048
45048
45048
45048
45048
45048
45048
45048
45048
45048
45048
45048
45048
45048
45048
45048
45048
45048
45048
45048
45048
45048
45048
45048
45048
45048
45048
45048
45048
45048
45048
45048
45048
45048
45048
45048
45048
45048
45048
45048
45048
45048
45048
45048
45048
45048
45048
45048
45048
45048
45048
45048
45048
45048
45048
45048
45048
45048
45048
45048
45048
45048
45048
45048
45048
45048
45048
45048
45048
45048
45048
45048
45048
45048
45048
45048
45048
45048
45048
45048
45048
45048
45048
45048
45048
45048
45048
45048
45048
45048
45048
45048
45048
45048
45048
45048
45048
45048
45048
45048
45048
45048
45048
45048
45048
45048
45048
45048
45048
45048
45048
45048
45048
45048
45048
45048
45048
45048
45048
45048
45048
45048
45048
45048
45048
45048
45048
45048
45048
45048
45048
45048
45048
45048
45048
45048
45048
45048
45048
45048
45048
45048
45048
45048
45048
45048
45048
45048
45048
45048
45048
45048
45048
45048
45048
45048
45048
45048
45048
45048
45048
45048
45048
45048
45048
45048
45048
45048
45048
45048
45048
45048
45048
45048
45048
45048
45048
45048
45048
45048
45048
45048
45048
45048
45048
45048
45048
45048
45048
45048
45048
45048
45048
45048
45048
45048
45048
45048
45048
45048
45048
45048
45048
45048
45048
45048
45048
45048
45048
45048
45048
45048
45048
45048
45048
45048
45048
45048
45048
45048
45048
45048
45048
45048
45048
45048
45048
45048
45048
45048
45048
45048
45048
45048
45048
45048
45048
45048
45048
45048
45048
45048
45048
45048
45048
45048
45048
45048
45048
45048
45048
45048
45048
45048
45048
45048
45048
45048
45048
45048
45048
45048
45048
45048
45048
45048
45048
45048
45048
45048
45048
45048
45048
45048
45048
45048
45048
45048
45048
45048
45048
45048
45048
45048
45048
45048
45048
45048
45048
45048
45048
45048
45048
45048
45048
45048
45048
45048
45048
45048
45048
45048
45048
45048
45048
45048
45048
45048
45048
45048
45048
45048
45048
45048
45048
45048
45048
45048
45048
45048
45048
45048
45048
45048
45048
45048
45048
45048
45048
45048
45048
45048
45048
45048
45048
45048
45048
45048
45048
45048
45048
45048
45048
45048
45048
45048
45048
45048
45048
45048
45048
45048
45048
45048
45048
45048
45048
45048
45048
45048
45048
45048
45048
45048
45048
45048
45048
45048
45048
45048
45048
45048
45048
45048
45048
45048
45048
45048
45048
45048
45048
45048
45048
45048
45048
45048
45048
45048
45048
45048
45048
45048
45048
45048
45048
45048
45048
45048
45048
45048
45048
45048
45048
45048
45048
45048
45048
45048
45048
45048
45048
45048
45048
45048
45048
45048
45048
45048
45048
45048
45048
45048
45048
45048
45048
45048
45048
45048
45048
45048
45048
45048
45048
45048
45048
45048
45048
45048
45048
45048
45048
45048
45048
45048
45048
45048
45048
45048
2
