2
2
2
2
2
2
2
2
2
2
2
2
2
2
2
2
2
2
2
436
436
436
436
436
436
436
436
436
436
436
436
436
436
604
604
604
604
604
604
604
604
604
604
1804
4044
6304
8608
11088
13322
16410
16860
20424
21094
21624
22274
22806
23476
23740
23740
16536
20502
21032
21562
22232
22782
23314
24660
24660
21920
20300
20830
21360
22030
22560
23210
24300
24300
24100
20118
20768
21300
21948
22480
22990
23640
23960
23320
20198
20848
21398
21930
22458
23128
23658
24440
24440
20076
20746
21278
21826
22356
23026
23556
24580
24580
16536
20564
21094
21624
22154
22824
23354
24300
24300
19660
20262
20790
21440
21970
22500
23150
24080
24080
24080
20740
21328
21798
22388
22996
23444
24052
24642
27744
27744
22444
20720
21310
21918
22368
22974
23424
24014
24622
27644
27644
22244
20760
21210
21778
22366
22816
23406
23974
24562
26982
26982
16536
20784
21334
21884
22432
22860
23410
23960
25460
25460
16536
21044
21634
22082
22690
23140
23748
24336
27744
27744
27744
16536
21024
21472
22062
22670
23120
23708
24156
27644
27644
27644
16534
20904
21492
21942
22512
23098
23688
24138
26982
26982
26982
20358
20928
21478
22026
22574
23124
23694
25460
25460
25460
20136
20648
21178
21828
22356
22888
23416
24040
24040
16536
20706
21396
21946
22476
23026
23574
25062
25062
23342
20360
20910
21438
21990
22520
23048
23598
24700
24700
16534
20704
21254
21804
22354
22904
23434
25062
25062
25062
19850
20928
21476
22026
22576
23144
23694
25460
25460
25460
20358
20926
21476
22026
22574
23144
23694
25460
25460
25460
19604
21008
21576
22006
22574
23144
23714
26022
26022
26022
16536
20744
21294
21862
22430
23000
23570
24120
26022
26022
19682
20940
21390
21998
22468
23076
23524
24132
24582
28084
28084
27084
17378
20408
21060
21572
22204
22716
23366
23490
23490
19120
20586
21256
21786
22316
22846
23374
24440
24440
17900
20942
21390
21998
22468
23076
23524
24132
24582
28084
28084
26844
20060
20592
21224
21754
22266
22916
23428
23650
23650
19970
20948
21516
22066
22494
23044
23612
25660
25660
25660
19782
21246
21696
22302
22772
23380
23830
24438
28084
28084
28084
16534
20684
21232
21782
22352
22900
23470
24020
25660
25660
18420
20182
20694
21326
21858
22488
23002
23550
23550
19090
20184
20816
21328
21978
22490
23002
23530
23530
16870
20324
20836
21468
22000
22510
23162
23610
23610
17110
20304
20816
21448
21960
22470
23122
23510
23510
16534
20306
20958
21470
22100
22614
23144
23550
23550
16534
20428
20940
21570
22102
22734
23244
23510
23510
16534
20430
21080
21592
22244
22756
23386
23550
23550
19938
20570
21102
21612
22244
22776
23406
23610
23610
19750
20666
21196
21726
22256
22786
23436
24120
24120
16536
20504
21014
21544
22194
22724
23234
23900
23900
16536
20464
20994
21662
22192
22742
23272
24480
24480
24480
20198
20726
21258
21808
22336
22866
23536
24480
24480
16534
20404
20932
21462
22112
22642
23172
24120
24120
21000
20260
20770
21420
21950
22480
23130
23660
23980
23980
20340
20888
21438
21988
22538
23088
23636
25222
25222
23542
20460
21010
21560
22110
22660
23210
23758
25222
25222
19462
20422
20952
21500
22170
22720
23270
23800
24842
24842
16536
21326
21794
22442
22912
23398
24028
24496
24984
29388
29388
29388
16536
20664
21214
21744
22274
22824
23354
24720
24720
24720
20138
20808
21318
21850
22378
23048
23558
24200
24200
20156
20686
21216
21746
22276
22946
23476
24340
24340
16536
20464
21134
21662
22212
22744
23272
24580
24580
23260
20442
20970
21520
22070
22620
23148
23698
25062
25062
16702
20664
21212
21762
22332
22880
23430
23980
25580
25580
16534
20664
21212
21762
22332
22880
23430
23980
25580
25580
16534
20784
21352
21762
22332
22880
23430
23980
25580
25580
16534
20784
21354
21902
22452
23020
23430
23980
25580
25580
16534
20884
21472
21922
22492
23078
23668
24098
26922
26922
26922
20598
21046
21616
22204
22654
23222
23810
24240
26922
26922
20662
20740
21330
21758
22348
22936
23366
23956
24542
26922
26922
16534
20884
21472
21922
22490
23078
23528
24098
26922
26922
26922
20176
20706
21236
21766
22296
22966
23496
24420
24420
16536
20444
20972
21642
22172
22702
23232
24420
24420
23480
20318
20848
21380
21908
22438
23108
23638
24420
24420
16536
20586
21116
21766
22294
22826
23374
24420
24420
16840
20542
21072
21620
22150
22700
23232
23780
24782
24782
16536
20666
21216
21744
22294
22824
23514
24780
24780
23620
20480
21030
21580
22130
22678
23228
23798
25302
25302
20042
20402
20950
21480
22030
22700
23230
23778
24782
24782
16536
20664
21214
21744
22294
22822
23374
24782
24782
24782
20102
20752
21284
21796
22326
22978
23490
23910
23910
20060
20590
21102
21754
22264
22776
23428
23710
23710
19770
20828
21376
21906
22456
23006
23536
25002
25002
22762
20640
21210
21780
22208
22778
23346
23914
26242
26242
26242
16536
20586
21116
21664
22314
22844
23394
24400
24400
19080
20622
21172
21742
22292
22840
23390
23940
25342
25342
16534
20784
21352
21922
22492
22920
23490
24058
26242
26242
25222
20198
20728
21378
21928
22458
22988
23518
24400
24400
16536
20766
21314
21864
22414
22984
23534
25342
25342
25342
16536
20606
21156
21684
22214
22884
23414
24540
24540
19700
20342
20870
21540
22090
22620
23150
23680
24540
24540
20056
20726
21256
21786
22336
22866
23394
24440
24440
16700
20462
20992
21522
22072
22600
23252
23800
24440
24440
20178
20708
21238
21766
22436
22966
23498
24360
24360
16536
20524
21114
21642
22172
22704
23232
24360
24360
22840
20162
20694
21326
21836
22348
23000
23530
23530
20150
20164
20796
21306
21818
22468
22980
23490
23490
17630
20284
20798
21448
21960
22590
23102
23490
23490
16536
20346
20998
21530
22040
22692
23204
23830
23830
16534
20346
20878
21528
22040
22572
23202
23830
23830
16670
20346
20878
21528
22040
22572
23082
23830
23830
17790
20402
21070
21600
22150
22680
23230
23760
24840
24840
16536
20706
21396
21946
22476
23026
23574
25042
25042
23742
20700
21270
21698
22288
22858
23426
24016
26562
26562
26562
16536
20984
21574
22162
22612
23200
23788
24238
27364
27364
27364
20112
20986
21556
22144
22714
23284
23732
24302
26562
26562
18002
20822
21410
21860
22470
23058
23506
24094
24684
27364
27364
16536
20844
21414
22002
22572
23000
23590
24158
26562
26562
25402
20440
20990
21520
22068
22620
23170
23718
25042
25042
16534
20882
21332
21902
22490
22938
23508
24096
26842
26842
26842
17596
20848
21396
21946
22496
23026
23576
25122
25122
23862
20278
20948
21478
22028
22578
23108
23658
24902
24902
16536
20864
21294
21862
22412
22982
23550
24120
26002
26002
18542
20402
21070
21620
22150
22700
23230
23780
24862
24862
16536
21124
21574
22182
22612
23220
23808
24258
27484
27484
27484
16534
20706
21396
21946
22496
23026
23574
25122
25122
25022
20680
21288
21738
22326
22914
23364
23952
24400
27484
27484
25524
20680
21288
21738
22326
22914
23364
23952
24400
27484
27484
24784
21140
21626
22114
22760
23248
23736
24224
24710
25358
30220
30220
30220
16536
21302
21948
22436
22924
23412
23898
24386
25032
25520
30220
30220
28080
21138
21624
22114
22600
23088
23734
24222
24710
25198
30220
30220
30220
16940
21302
21788
22276
22922
23410
23898
24386
24872
25520
30220
30220
30220
20978
21624
22112
22598
23088
23574
24222
24708
25196
30220
30220
30220
18660
21300
21788
22276
22762
23410
23896
24384
24872
25360
30220
30220
30220
16536
21464
21950
22598
23086
23572
24062
24548
25036
30220
30220
30220
22200
20400
20930
21480
22010
22560
23088
23758
24800
24800
16536
21246
21734
22342
22830
23298
23928
24396
25024
29086
29086
29086
19678
21426
21894
22364
23012
23482
23948
24578
25046
29186
29186
24186
20258
20928
21478
22008
22558
23088
23618
24800
24800
16536
20366
21018
21528
22060
22712
23242
23910
23910
17410
21104
21590
22220
22688
23316
23784
24274
24902
29188
29188
29188
16536
21244
21734
22342
22830
23298
23926
24396
24864
29086
29086
29086
16534
20606
21156
21824
22356
22884
23436
24640
24640
19120
20260
20930
21440
21972
22500
23150
24100
24100
23320
20182
20694
21206
21856
22368
23020
23570
23570
22190
20260
20790
21320
21970
22500
23030
23538
24100
24100
20062
20572
21204
21736
22366
22878
23410
23570
23570
20138
20788
21318
21848
22358
23028
23540
24100
24100
19976
20626
21158
21686
22336
22866
23376
23960
23960
16536
20586
21116
21784
22314
22864
23394
24460
24460
18680
20322
20990
21520
22050
22580
23130
23680
24460
24460
20198
20728
21258
21788
22316
22986
23516
24460
24460
16534
20804
21374
21942
22512
23100
23530
24100
26442
26442
23522
20318
20848
21398
21930
22458
22988
23658
24460
24460
16534
20430
21060
21570
22082
22734
23246
23510
23510
19038
20450
21100
21612
22264
22776
23286
23670
23670
16536
20530
21042
21552
22204
22716
23346
23470
23470
19980
20492
21122
21634
22246
22758
23388
23388
19728
20144
20776
21288
21938
22430
23082
23450
23450
16536
20246
20878
21390
22020
22532
23164
23410
23410
16534
20430
21080
21592
22224
22756
23386
23550
23550
19838
20452
21082
21594
22204
22718
23348
23348
21208
20184
20816
21326
21838
22490
23002
23550
23550
18770
20364
20876
21408
22058
22570
23102
23890
23890
20230
20224
20876
21406
21918
22568
23100
23890
23890
21350
21620
22168
22694
23240
23766
24314
24660
25208
25756
26280
33382
33382
33382
20802
21620
22168
22694
23240
23766
24314
24662
25208
25756
26282
33382
33382
33382
19822
21800
22168
22694
23242
23768
24314
24840
25388
25756
26282
33382
33382
33382
18442
21800
22328
22694
23242
23770
24316
24842
25388
25916
26282
33382
33382
33382
16802
21800
22328
22874
23242
23770
24316
24844
25388
25916
26462
33382
33382
33382
16536
21802
22328
22874
23402
23770
24316
24844
25390
25916
26462
33382
33382
33382
16536
20484
21012
21682
22212
22762
23294
24640
24640
23820
21440
21966
22472
22998
23526
24032
24560
25086
25594
25940
32240
32240
32240
16534
21782
22130
22656
23184
23690
24218
24744
25252
25778
32240
32240
32240
23640
20400
20950
21498
22028
22580
23108
23658
24922
24922
16536
20884
21472
21922
22492
23078
23528
24098
26942
26942
26942
21278
21784
22312
22818
23346
23872
24380
24906
25432
25938
32240
32240
32240
16740
20422
20952
21482
22132
22662
23192
24300
24300
23200
20360
20890
21438
21968
22518
23048
23598
24740
24740
16534
20884
21454
21882
22452
23022
23570
24140
26142
26142
17202
20724
21292
21862
22430
22980
23550
23978
26040
26040
19420
20822
21410
21860
22448
22876
23486
24074
24522
27344
27344
16534
21044
21672
22140
22608
23216
23686
24314
24784
28806
28806
28806
19398
20966
21556
22126
22694
23264
23712
24282
26542
26542
17362
21044
21670
22140
22608
23216
23686
24314
24784
28806
28806
28806
19318
21008
21576
22006
22574
23124
23694
26040
26040
26040
16536
21206
21834
22302
22910
23380
23848
24476
24946
28806
28806
23506
20880
21508
21978
22606
23076
23544
24152
24620
28746
28746
28746
16534
20784
21334
21902
22452
23002
23410
23980
25500
25500
16534
21024
21632
22082
22690
23140
23748
24196
27744
27744
27744
16534
21124
21572
22200
22650
23258
23728
24336
24804
28266
28266
24206
20880
21510
21978
22606
23076
23544
24152
24620
28746
28746
28746
16536
20746
21294
21844
22394
22964
23512
25302
25302
25302
16536
21206
21814
22284
22912
23380
23848
24478
24926
28746
28746
22326
20260
20790
21320
21970
22500
23030
23680
24100
24100
21138
21626
22114
22600
23088
23754
24242
24730
25218
30240
30240
30240
16880
20702
21272
21822
22390
22960
23368
23938
25860
25860
21300
20602
21172
21740
22308
22878
23448
23876
26142
26142
26142
20118
20648
21298
21828
22338
23008
23518
24020
24020
19624
21028
21456
22026
22594
23162
23732
25202
26142
26142
16536
20504
21034
21564
22094
22744
23254
24020
24020
17080
20744
21312
21882
22310
22880
23448
24018
26142
26142
23082
21140
21626
22274
22760
23250
23756
24244
24890
25378
30240
30240
30240
16536
20504
21034
21564
22074
22744
23254
24020
24020
16560
20382
20912
21422
22072
22602
23132
24020
24020
21280
20262
20770
21420
21950
22480
23130
23640
24020
24020
20118
20768
21300
21828
22478
22988
23518
24020
24020
20116
20648
21158
21826
22336
22868
23516
24020
24020
16536
20506
21154
21684
22216
22746
23394
24020
24020
16534
20504
21034
21564
22074
22744
23254
24020
24020
16536
20382
20912
21422
22072
22602
23132
24020
24020
21140
20700
21148
21718
22306
22876
23306
23894
24462
26682
26682
16534
20864
21432
21860
22450
23018
23608
24036
26682
26682
26682
20558
21006
21576
22144
22592
23162
23750
24320
26682
26682
20802
20700
21290
21718
22308
22876
23446
23894
26682
26682
26682
16534
20604
21134
21664
22214
22744
23272
24580
24580
21980
20700
21148
21718
22306
22876
23306
23894
24462
26682
26682
16534
20544
21074
21604
22134
22784
23314
24240
24240
17280
20584
21134
21684
22232
22782
23312
23862
25162
25162
16536
20884
21472
22042
22490
23060
23648
24098
26882
26882
26882
20598
21026
21616
22204
22634
23222
23790
24380
26882
26882
20062
20740
21330
21758
22348
22916
23366
23934
24522
26882
26882
16534
20884
21472
21902
22490
23058
23648
24098
26882
26882
26882
20598
21026
21616
22204
22634
23222
23790
24240
26882
26882
20502
20322
20850
21500
22050
22580
23110
23640
24420
24420
20418
20968
21536
22086
22514
23064
23634
25780
25780
25780
17816
20586
21236
21786
22314
22846
23374
24420
24420
17600
20662
21212
21762
22330
22880
23430
23998
25580
25580
18780
20304
20816
21328
21978
22490
23122
23550
23550
17190
20684
21252
21802
22370
22920
23490
24038
25780
25780
16920
20304
20816
21448
21960
22490
23122
23510
23510
16536
20664
21212
21762
22332
22880
23430
23998
25580
25580
17420
20502
21050
21620
22170
22718
23266
23836
25500
25500
22460
20502
21050
21620
22168
22716
23266
23836
25500
25500
22820
20502
21050
21620
22168
22716
23266
23836
25500
25500
22460
20502
21050
21620
22170
22716
23266
23836
25500
25500
22400
20502
21050
21620
22168
22718
23266
23836
25500
25500
22680
20562
21130
21698
22248
22818
23366
23796
25920
25920
25920
20418
20988
21558
22108
22676
23246
23794
25920
25920
25920
20418
20988
21556
22106
22674
23104
23654
25920
25920
25920
16534
20846
21416
21966
22534
23102
23652
25920
25920
25920
16536
20864
21434
21842
22412
22982
23552
24100
26000
26000
17120
20284
20796
21448
21960
22470
23102
23490
23490
16534
20306
20938
21450
22102
22614
23124
23530
23530
16536
20450
20980
21610
22144
22774
23306
23690
23690
16534
20624
21154
21704
22234
22784
23314
24720
24720
23620
20162
20694
21324
21836
22348
23000
23530
23530
20310
20184
20836
21348
21858
22510
23022
23650
23650
19850
20164
20796
21308
21958
22470
23102
23490
23490
16534
20346
20878
21528
22040
22572
23202
23830
23830
16730
20724
21272
21842
22410
22960
23530
23958
25940
25940
20800
20282
20810
21480
21990
22520
23050
23720
24240
24240
20438
20988
21558
22128
22676
23244
23814
25940
25940
25940
20014
20686
21216
21746
22256
22786
23456
24240
24240
16534
20844
21414
21842
22412
22962
23530
24100
25940
25940
17400
20364
20898
21408
22058
22590
23102
23910
23910
21630
20582
21130
21700
22268
22818
23386
23956
25940
25940
25880
20680
21288
21738
22324
22774
23364
23952
24400
27464
27464
25984
20062
20712
21224
21736
22386
22898
23410
23630
23630
20022
20532
21182
21694
22326
22838
23468
23470
23170
20680
21270
21858
22306
22894
23344
23934
24522
27364
27364
21104
20184
20814
21326
21838
22488
23002
23510
23510
18370
20842
21430
21880
22468
23056
23506
24114
24704
27464
27464
17364
20324
20838
21348
21998
22510
23162
23630
23630
17550
20842
21432
21880
22468
23056
23506
24114
24704
27464
27464
17624
20462
20992
21522
22072
22600
23130
23800
24500
24500
20278
20828
21378
22048
22578
23128
23676
24942
24942
18842
20702
21252
21820
22230
22798
23348
23918
25800
25800
20140
20762
21350
21798
22368
22956
23406
23994
24562
27022
27022
16536
20462
20992
21522
22072
22722
23272
23800
24500
24500
20480
21030
21580
22130
22678
23228
23778
25342
25342
20562
20562
21092
21642
22170
22720
23270
23800
24942
24942
16536
20826
21394
21944
22512
23082
23632
24200
25800
25800
16536
20504
21034
21544
22194
22724
23254
24000
24000
16538
20704
21252
21822
22372
22942
23490
24060
25840
25840
16534
20484
21012
21542
22212
22742
23292
24600
24600
24600
20118
20768
21298
21808
22338
22988
23518
24000
24000
20438
21008
21556
22126
22696
23244
23674
25980
25980
25980
16534
20506
21034
21684
22196
22724
23374
24000
24000
16536
20484
21154
21684
22234
22764
23294
24660
24660
24360
20640
21230
21658
22228
22798
23366
23954
26442
26442
26442
16536
20806
21376
21924
22474
23044
23592
25680
25680
25680
16796
20868
21418
21966
22516
23066
23616
25242
25242
25242
20398
20948
21498
22066
22616
23186
23734
25680
25680
25680
20118
20648
21178
21828
22358
22888
23538
24100
24100
20016
20686
21196
21726
22256
22926
23456
24240
24240
16534
20544
21054
21584
22234
22764
23294
24160
24160
16534
20922
21352
21942
22530
22978
23568
24136
27082
27082
27082
16536
20504
21014
21664
22196
22704
23354
23940
23940
16534
20544
21076
21604
22254
22784
23314
24220
24220
16536
20424
20952
21622
22152
22682
23212
24320
24320
20540
20280
20930
21460
21992
22520
23170
23700
24220
23980
20620
21210
21798
22246
22836
23404
23992
24442
27082
27082
18482
20324
20836
21368
21998
22530
23042
23650
23650
18670
20482
21012
21540
22072
22620
23150
23820
24560
24560
20156
20688
21218
21868
22396
22928
23458
24260
24260
16536
20450
21100
21612
22144
22774
23306
23650
23650
16536
20566
21094
21746
22276
22806
23476
24280
24280
16536
20484
21014
21544
22194
22704
23234
23940
23940
16534
20444
21112
21642
22174
22704
23232
24420
24420
21820
20104
20734
21246
21878
22370
23000
23388
23388
16534
20382
21034
21544
22074
22724
23252
24000
24000
16620
20442
20972
21502
22032
22702
23232
24420
24420
24420
20118
20768
21300
21808
22458
22990
23518
24000
24000
20002
20512
21142
21654
22286
22798
23430
23430
22150
20240
20750
21400
21930
22440
23090
23940
23940
23180
20178
20708
21358
21888
22418
22948
23618
33620
33620
33630
33630
33630
33630
33630
33630
33630
33630
33630
33630
33632
33638
33646
33652
33660
33666
33670
33680
33684
33692
33698
33702
33712
33716
33716
33716
34212
34212
34212
34212
34212
34212
34212
34212
34212
34212
34212
34212
34212
34212
34212
34212
34212
34212
34212
34212
34212
34212
34212
34212
34212
34212
34212
34212
34212
34212
34212
34212
34212
34212
34212
34212
34212
34212
34212
34212
34212
34212
37892
37892
37892
37892
37892
37892
37892
37892
37892
37892
37892
37892
37892
37892
37892
37892
37892
37892
37892
37892
37892
37892
37892
37892
37892
37892
37892
37892
37892
37892
37892
37892
37892
37900
37900
37900
37900
37900
37900
37900
37900
38120
41340
41340
41340
41340
41340
41340
41340
41340
41340
41340
41340
41340
41340
41340
41340
41340
41340
41340
41340
41340
41340
41340
41340
41340
41340
41340
41340
41340
41340
41340
41340
41340
41340
41340
41340
41340
41340
41340
41340
41340
41340
41340
41340
41340
41340
41340
41340
41340
41340
41340
41340
41340
41340
41340
41340
41340
41340
41340
41340
41340
41340
41340
41340
41340
41340
41340
41340
41340
41340
41340
41340
41340
41368
41368
41368
41368
41368
41368
41368
41368
41368
41368
41368
41368
41368
41368
41368
41368
41368
41368
41368
41368
41368
41368
41368
41368
41368
41368
41368
41368
41368
41368
41368
41368
41368
41368
41368
41368
41368
41368
41368
41368
41368
41368
41368
41368
43768
43768
43768
43768
43768
43768
43768
43768
43768
43768
43768
43768
43768
43768
43768
43768
43768
43768
43768
43768
43768
43768
43768
43768
43768
43768
43768
43768
43768
43768
43768
43768
43768
43768
43768
43768
43768
43768
43768
43768
43768
43768
43768
43768
43768
43768
43768
43768
43768
43768
43768
43768
43768
43768
43768
43768
43768
43768
43768
43768
43768
43768
43768
43768
43768
43768
43768
43768
43768
43768
43768
43768
43768
43768
43768
43768
43768
43768
43768
43768
43768
43768
43768
43768
43768
43768
43768
43768
43768
43768
43768
43768
43768
43768
43768
43768
43768
43768
43768
43768
43768
43768
43768
43768
43768
43768
43768
43768
43768
43768
43768
43768
43768
43768
43768
43768
43768
43768
43768
43768
43768
43768
43768
43768
43768
43768
43768
43768
43768
43768
43768
43768
43768
43768
43768
43768
43768
43768
43768
43768
43768
43768
43768
43768
43768
43768
43768
43768
43768
43768
43768
43768
43768
43768
43768
43768
43768
43768
43768
43768
43768
43768
43768
43768
43768
43768
43768
43768
43768
43768
43768
43768
43768
43768
43768
43768
43768
43768
43768
43768
43768
43768
43768
43768
43768
43768
43768
43768
43768
43768
43768
43768
43768
43768
43768
43768
43768
43768
43768
43768
43768
43768
43768
43768
43768
43768
43768
43768
43768
43768
43768
43768
43768
43768
43768
43768
43768
43768
43768
43768
43768
43768
43768
43768
43768
43768
43768
43768
43768
43768
43768
43768
43768
43768
43768
43768
43768
43768
43768
43768
43768
43768
43768
43768
43768
43768
43768
43768
43768
43768
43768
43768
43768
43768
43768
43768
43768
43768
43768
43768
43768
43768
43768
43768
43768
43768
43768
43768
43768
43768
43768
43768
43768
43768
43768
43768
43768
43768
43768
43768
43768
43768
43768
43768
43768
43768
43768
43768
43768
43768
43768
43768
43768
43768
43768
43768
43768
43768
43768
43768
43768
43768
43768
43768
43768
43768
43768
43768
43768
43768
43768
43768
43768
43768
43768
43768
43768
43768
43768
43768
43768
43768
43768
43768
43768
43768
43768
43768
43768
43768
43768
43768
43768
43768
43768
43768
43768
43768
43768
43768
43768
43768
43768
43768
43768
43768
43768
43768
43768
43768
43768
43768
43768
43768
43768
43768
43768
43768
43768
43768
43768
43768
43768
43768
43768
43768
43768
43768
43768
43768
43768
43768
43768
43768
43768
43768
43768
43768
43768
43768
43768
43768
43768
43768
43768
43768
43768
43768
43768
43768
43768
43768
43768
43768
43768
43768
43768
43768
43768
43768
43768
43768
43768
43768
43768
43768
43768
43768
43768
43768
43768
43768
43768
43768
43768
43768
43768
43768
43768
43768
43768
43768
43768
43768
43768
43768
43768
43768
43768
43768
43768
43768
43768
43768
43768
43768
43768
43768
43768
43768
43768
43768
43768
43768
43768
43768
43768
43768
43768
43768
43768
43768
43768
43768
43768
43768
43768
43768
43768
43768
43768
43768
43768
43768
43768
43768
43768
43768
43768
43768
43768
43768
43768
43768
43768
43768
43768
43768
43768
43768
43768
43768
43768
43768
43768
43768
43768
43768
43768
43768
43768
43768
43768
43768
43768
43768
43768
43768
43768
43768
43768
43768
43768
43768
43768
43768
43768
43768
43768
43768
43768
43768
43768
43768
43768
43768
43768
43768
43768
43768
43768
43768
43768
43768
43768
43768
43768
43768
43768
43768
43768
43768
43768
43768
43768
43768
43768
43768
43768
43768
43768
43768
43768
43768
43768
43768
43768
43768
43768
43768
43768
43768
43768
43768
43768
43768
43768
43768
43768
43768
43768
43768
43768
43768
43768
43768
43768
43768
43768
43768
43768
43768
43768
43768
43768
43768
43768
43768
43768
43768
43768
43768
43768
43768
43768
43768
43768
43768
43768
43768
43768
43768
43768
43768
43768
43768
43768
43768
43768
43768
43768
43768
43768
43768
43768
43768
43768
43768
43768
43768
43768
43768
43768
43768
43768
43768
43768
43768
43768
43768
43768
43768
43768
43768
43768
43768
43768
43768
43768
43768
43768
43768
43768
43768
43768
43768
43768
43768
43768
43768
43768
43768
43768
43768
43768
43768
43768
43768
43768
43768
43768
43768
43768
43768
43768
43768
43768
43768
43768
43768
43768
43768
43768
43768
43768
43768
43768
43768
43768
43768
43768
43768
43768
43768
43768
43768
43768
43768
43768
43768
43768
43768
43768
43768
43768
43768
43768
43768
43768
43768
43768
43768
43768
43768
43768
43768
43768
43768
43768
43768
43768
43768
43768
43768
43768
43768
43768
43768
43768
43768
43768
43768
43768
43768
43768
43768
43768
43768
43768
43768
43768
43768
43768
43768
43768
43768
43768
43768
43768
43768
43768
43768
43768
43768
43768
43768
43768
43768
43768
43768
43768
43768
43768
43768
43768
43768
43768
43768
43768
43768
43768
43768
43768
43768
43768
43768
43768
43768
43768
43768
43768
43768
43768
43768
43768
43768
43768
43768
43768
43768
43768
43768
43768
43768
43768
43768
43768
43768
43768
43768
43768
43768
43768
43768
43768
43768
43768
43768
43768
43768
43768
43768
43768
43768
43768
43768
43768
43768
43768
43768
43768
43768
43768
43768
43768
43768
43768
43768
43768
43768
43768
43768
43768
43768
43768
43768
43768
43768
43768
43768
43768
43768
43768
43768
43768
43768
43768
43768
43768
43768
43768
43768
43768
43768
43768
43768
43768
43768
43768
43768
43768
43768
43768
43768
43768
43768
43768
43768
43768
43768
43768
43768
43768
43768
43768
43768
43768
43768
43768
43768
43768
43768
43768
43768
43768
43768
43768
43768
43768
43768
43768
43768
43768
43768
43768
43768
43768
43768
43768
43768
43768
43768
43768
43768
43768
43768
43768
43768
43768
43768
43768
43768
43768
43768
43768
43768
43768
43768
43768
43768
43768
43768
43768
43768
43768
43768
43768
43768
43768
43768
43768
43768
43768
43768
43768
43768
43768
43768
43768
43768
43768
43768
43768
43768
43768
43768
43768
43768
43768
43768
43768
43768
43768
43768
43768
43768
43768
43768
43768
43768
43768
43768
43768
43768
43768
43768
43768
43768
43768
43768
43768
43768
43768
43768
43768
43768
43768
43768
43768
43768
43768
43768
43768
43768
43768
43768
43768
43768
43768
43768
43768
43768
43768
43768
43768
43768
43768
43768
43768
43768
43768
43768
43768
43768
43768
43768
43768
43768
43768
43768
43768
43768
43768
43768
43768
43768
43768
43768
43768
43768
43768
43768
43768
43768
43768
43768
43768
43768
43768
43768
43768
43768
43768
43768
43768
43768
43768
43768
43768
43768
43768
43768
43768
43768
43768
43768
43768
43768
43768
43768
43768
43768
43768
43768
43768
43768
43768
43768
43768
43768
43768
43768
43768
43768
43768
43768
43768
43768
43768
43768
43768
43768
43768
43768
43768
43768
43768
43768
43768
43768
43768
43768
43768
43768
43768
43768
43768
43768
43768
43768
43768
43768
43768
43768
43768
43768
43768
43768
43768
43768
43768
43768
43768
43768
43768
43768
43768
43768
43768
43768
43768
43768
43768
43768
43768
43768
43768
43768
43768
43768
43768
43768
43768
43768
43768
43768
43768
43768
43768
43768
43768
43768
43768
43768
43768
43768
43768
43768
43768
43768
43768
43768
43768
43768
43768
43768
43768
43768
43768
43768
43768
43768
43768
43768
43768
43768
43768
43768
43768
43768
43768
43768
43768
43768
43768
43768
43768
43768
43768
43768
43768
43768
43768
43768
43768
43768
43768
43768
43768
43768
43768
43768
43768
43768
43768
43768
43768
43768
43768
43768
43768
43768
43768
43768
43768
43768
43768
43768
43768
43768
43768
43768
43768
43768
43768
43768
43768
43768
43768
43768
43768
43768
43768
43768
43768
43768
43768
43768
43768
43768
43768
43768
43768
43768
43768
43768
43768
43768
43768
43768
43768
43768
43768
43768
43768
43768
43768
43768
43768
43768
43768
43768
43768
43768
43768
43768
43768
43768
43768
43768
43768
43768
43768
43768
43768
43768
43768
43768
43768
43768
43768
43768
43768
43768
43768
43768
43768
43768
43768
43768
43768
43768
43768
43768
43768
43768
43768
43768
43768
43768
43768
43768
43768
43768
43768
43768
43768
43768
43768
43768
43768
43768
43768
43768
43768
43768
43768
43768
43768
43768
43768
43768
43768
43768
43768
43768
43768
43768
43768
43768
43768
43768
43768
43768
43768
43768
43768
43768
43768
43768
43768
43768
43768
43768
43768
43768
43768
43768
43768
43768
43768
43768
43768
43768
43768
43768
43768
43768
43768
43768
43768
43768
43768
43768
43768
43768
43768
43768
43768
43768
43768
43768
43768
43768
43768
43768
43768
43768
43768
43768
43768
43768
43768
43768
43768
43768
43768
43768
43768
43768
43768
43768
43768
43768
43768
43768
43768
43768
43768
43768
43768
43768
43768
43768
43768
43768
43768
43768
43768
43768
43768
43768
43768
43768
43768
43768
43768
43768
43768
43768
43768
43768
43768
43768
43768
43768
43768
43768
43768
43768
43768
43768
43768
43768
43768
43768
43768
43768
43768
43768
43768
43768
43768
43768
43768
43768
43768
43768
43768
43768
43768
43768
43768
43768
43768
43768
43768
43768
43768
43768
43768
43768
43768
43768
43768
43768
43768
43768
43768
43768
43768
43768
43768
43768
43768
43768
43768
43768
43768
43768
43768
43768
43768
43768
43768
43768
43768
43768
43768
43768
43768
43768
43768
43768
43768
43768
43768
43768
43768
43768
43768
43768
43768
43768
43768
43768
43768
43768
43768
43768
43768
43768
43768
43768
43768
43768
43768
43768
43768
43768
43768
43768
43768
43768
43768
43768
43768
43768
43768
43768
43768
43768
43768
43768
43768
43768
43768
43768
43768
43768
43768
43768
43768
43768
43768
43768
43768
43768
43768
43768
43768
43768
43768
43768
43768
43768
43768
43768
43768
43768
43768
43768
43768
43768
43768
43768
43768
43768
43768
43768
43768
43768
43768
43768
43768
43768
43768
43768
43768
43768
43768
43768
43768
43768
43768
43768
43768
43768
43768
43768
43768
43768
43768
43768
43768
43768
43768
43768
43768
43768
43768
43768
43768
43768
43768
43768
43768
43768
43768
43768
43768
43768
43768
43768
43768
43768
43768
43768
43768
43768
43768
43768
43768
43768
43768
43768
43768
43768
43768
43768
43768
43768
43768
43768
43768
43768
43768
43768
43768
43768
43768
43768
43768
43768
43768
43768
43768
43768
43768
43768
43768
43768
43768
43768
43768
43768
43768
43768
43768
43768
43768
43768
43768
43768
43768
43768
43768
43768
43768
43768
43768
43768
43768
43768
43768
43768
43768
43768
43768
43768
43768
43768
43768
43768
43768
43768
43768
43768
43768
43768
43768
43768
43768
43768
43768
43768
43768
43768
43768
43768
43768
43768
43768
43768
43768
43768
43768
45128
45128
45128
45128
45128
45128
45128
45128
45128
45128
45128
45128
45128
45128
45128
45128
45128
45128
45128
45128
45128
45128
45128
45128
45128
45128
45128
45128
45128
45128
45128
45128
45128
45128
45128
45128
45128
45128
45128
45128
45128
45128
45128
45128
45128
45128
45128
45128
45128
45128
45128
45128
45128
45128
45128
45128
45128
45128
45128
45128
45128
45128
45128
45128
45128
45128
45128
45128
45128
45128
45128
45128
45128
45128
45128
45128
45128
45128
45128
45128
45128
45128
45128
45128
45128
45128
45128
45128
45128
45128
45128
45128
45128
45128
45128
45128
45128
45128
45128
45128
45128
45128
45128
45128
45128
45128
45128
45128
45128
45128
45128
45128
45128
45128
45128
45128
45128
45128
45128
45128
45128
45128
45128
45128
45128
45128
45128
45128
45128
45128
45128
45128
45128
45128
45128
45128
45128
45128
45128
45128
45128
45128
45128
45128
45128
45128
45128
45128
45128
45128
45128
45128
45128
45128
45128
45128
45128
45128
45128
45128
45128
45128
45128
45128
45128
45128
45128
45128
45128
45128
45128
45128
45128
45128
45128
45128
45128
45128
45128
45128
45128
45128
45128
45128
45128
45128
45128
45128
45128
45128
45128
45128
45128
45128
45128
45128
45128
45128
45128
45128
45128
45128
45128
45128
45128
45128
45128
45128
45128
45128
45128
45128
45128
45128
45128
45128
45128
45128
45128
45128
45128
45128
45128
45128
45128
45128
45128
45128
45128
45128
45128
45128
45128
45128
45128
45128
45128
45128
45128
45128
45128
45128
45128
45128
45128
45128
45128
45128
45128
45128
45128
45128
45128
45128
45128
45128
45128
45128
45128
45128
45128
45128
45128
45128
45128
45128
45128
45128
45128
45128
45128
45128
45128
45128
45128
45128
45128
45128
45128
45128
45128
45128
45128
45128
45128
45128
45128
45128
45128
45128
45128
45128
45128
45128
45128
45128
45128
45128
45128
45128
45128
45128
45128
45128
45128
45128
45128
45128
45128
45128
45128
45128
45128
45128
45128
45128
45128
45128
45128
45128
45128
45128
45128
45128
45128
45128
45128
45128
45128
45128
45128
45128
45128
45128
45128
45128
45128
45128
45128
45128
45128
45128
45128
45128
45128
45128
45128
45128
45128
45128
45128
45128
45128
45128
45128
45128
45128
45128
45128
45128
45128
45128
45128
45128
45128
45128
45128
45128
45128
45128
45128
45128
45128
45128
45128
45128
45128
45128
45128
45128
45128
45128
45128
45128
45128
45128
45128
45128
45128
45128
45128
45128
45128
45128
45128
45128
45128
45128
45128
45128
45128
45128
45128
45128
45128
45128
45128
45128
45128
45130
45130
45130
45130
45130
45130
45130
45130
45130
45130
45130
45130
45130
45130
45130
45130
45130
45130
45130
45130
45130
45130
45130
45130
45130
45130
45130
45130
45130
45130
45130
45130
45130
45130
45130
45130
45130
45130
45130
45130
45130
45130
45130
45130
45130
45130
45130
45130
45130
45130
45130
45130
45130
45130
45130
45130
45130
45130
45130
45130
45130
45130
45130
45130
45130
45130
45130
45130
45130
45130
45130
45130
45130
45130
45130
45130
45130
45130
45130
45130
45130
45130
45130
45130
45130
45130
45130
45130
45130
45130
45130
45130
45130
45130
45130
45130
45130
45130
45130
45130
45130
45130
45130
45130
45130
45130
45130
45130
45130
45130
45130
45130
45130
45130
45130
45130
45130
45130
45130
45130
45130
45130
45130
45130
45130
45130
45130
45130
45130
45130
45130
45130
45130
45130
45130
45130
45130
45130
45130
45130
45130
45130
45130
45130
45130
45130
45130
45130
45130
45130
45130
45130
45130
45130
45130
45130
45130
45130
45130
45130
45130
45130
45130
45130
45130
45130
45130
45130
45130
45130
45130
45130
45130
45130
45130
45130
45130
45130
45130
45130
45130
45130
45130
45130
45130
45130
45130
45130
45130
45130
45130
45130
45130
45130
45130
45130
45130
45130
45130
45130
45130
45130
45130
45130
45130
45130
45130
45130
45130
45130
45130
45130
45130
45130
45130
45130
45130
45130
45130
45130
45130
45130
45130
45130
45130
45130
45130
45130
45130
45130
45130
45130
45130
45130
45130
45130
45130
45130
45130
45130
45130
45130
45130
45130
45130
45130
45130
45130
45130
45130
45130
45130
45130
45130
45130
45130
45130
45130
45130
45130
45130
45130
45130
45130
45130
45130
45130
45130
45130
45130
45130
45130
45130
45130
45130
45130
45130
45130
45130
45130
45130
45130
45130
45130
45130
45130
45130
45130
45130
45130
45130
45130
45130
45130
45130
45130
45130
45130
45130
45130
45130
45130
45130
45130
45130
45130
45130
45130
45130
45130
45130
45130
45130
45130
45130
45130
45130
45130
45130
45130
45130
45130
45130
45130
45130
45130
45130
45130
45130
45130
45130
45130
45130
45130
45130
45130
45130
45130
45130
45130
45130
45130
45130
45130
45130
45130
45130
45130
45130
45130
45130
45130
45130
45130
45130
45130
45130
45130
45130
45130
45130
45130
45130
45130
45130
45130
45130
45130
45130
45130
45130
45130
45130
45130
45130
45130
45130
45130
45130
45130
45130
45130
45130
45130
45130
45130
45130
45130
45130
45130
45130
45130
45130
45130
45130
45130
45130
45130
45130
45130
45130
45130
45130
45130
45130
45130
45130
45130
45130
45130
45130
45130
45130
45130
45130
45130
45130
45130
45130
45130
45130
45130
45130
45130
45130
45130
45130
45130
45130
45130
45130
45130
45130
45130
45130
45130
45130
45130
45130
45130
45130
45130
45130
45130
45130
45130
45130
45130
45130
45130
45130
45130
45130
45130
45130
45130
45130
45130
45130
45130
45130
45130
45130
45130
45130
45130
45130
45130
45130
45130
45130
45130
45130
45130
45130
45130
45130
45130
45130
45130
45130
45130
45130
45130
45130
45130
45130
45130
45130
45130
45130
45130
45130
45130
45130
45130
45130
45130
45130
45130
45130
45130
45130
45130
45130
45130
45130
45130
45130
45130
45130
45130
45130
45130
45130
45130
45130
45130
45130
45130
45130
45130
45130
45130
45130
45130
45130
45130
45130
45130
45130
45130
45130
45130
45130
45130
45130
45130
45130
45130
45130
45130
45130
45130
45130
45130
45130
45130
45130
45130
45130
45130
45130
45130
45130
45130
45130
45130
45130
45130
45130
45130
45130
45130
45130
45130
45130
45130
45130
45130
45130
45130
45130
45130
45130
45130
45130
45130
45130
45130
45130
45130
45130
45130
45130
45130
45130
45130
45130
45130
45130
45130
45130
45130
45130
45130
45130
45130
45130
45130
45130
45130
45130
45130
45130
45130
45130
45130
45130
45130
45130
45130
45130
45130
45130
45130
45130
45130
45130
45130
45130
45130
45130
45130
45130
45130
45130
45130
45130
45130
45130
45130
45130
45130
45130
45130
45130
45130
45130
45130
45130
45130
45130
45130
45130
45130
45130
45130
45130
45130
45130
45130
45130
45130
45130
45130
45130
45130
45130
45130
45130
45130
45130
45130
45130
45130
45130
45130
45130
45130
45130
45130
45130
45130
45130
45130
45130
45130
45130
45130
45130
45130
45130
45130
45130
45130
45130
45130
45130
45130
45130
45130
45130
45130
45130
45130
45130
45130
45130
45130
45130
45130
45130
45130
45130
45130
45130
45130
45130
45130
45130
45130
45130
45130
45130
45130
45130
45130
45130
45130
45130
45130
45130
45130
45130
45130
45130
45130
45130
45130
45130
45130
45130
45130
45130
45130
45130
45130
45130
45130
45130
45130
45130
45130
45130
45130
45130
45130
45130
45130
45130
45130
45130
45130
45130
45130
45130
45130
45130
45130
45130
45130
45130
45130
45130
45130
45130
45130
45130
45130
45130
45130
45130
45130
45130
45130
45130
45130
45130
45130
45130
45130
45130
45130
45130
45130
45130
45130
45130
45130
45130
45130
45130
45130
45130
45130
45130
45130
45130
45130
45130
45130
45130
45130
45130
45130
45130
45130
45130
45130
45130
45130
45130
45130
45130
45130
45130
45130
45130
45130
45130
45130
45130
45130
45130
45130
45130
45130
45130
45130
45130
45130
45130
45130
45130
45130
45130
45130
45130
45130
45130
45130
45130
45130
45130
45130
45130
45130
45130
45130
45130
45130
45130
45130
45130
45130
45130
45130
45130
45130
45130
45130
45130
45130
45130
45130
45130
45130
45130
45130
45130
45130
45130
45130
45130
45130
45130
45130
45130
45130
45130
45130
45130
45130
45130
45130
45130
45130
45130
45130
45130
45130
45130
45130
45130
45130
45130
45130
45130
45130
45130
45130
45130
45130
45130
45130
45130
45130
45130
45130
45130
45130
45130
45130
45130
45130
45130
45130
45130
45130
45130
45130
45130
45130
45130
45130
45130
45130
45130
45130
45130
45130
45130
45130
45130
45130
45130
45130
45130
45130
45130
45130
45130
45130
45130
45130
45130
45130
45130
45130
45130
45130
45130
45130
45130
45130
45130
45130
45130
45130
45130
45130
45130
45130
45130
45130
45130
45130
45130
45130
45130
45130
45130
45130
45130
45130
45130
45130
45130
45130
45130
45130
45130
45130
45130
45130
45130
45130
45130
45130
45130
45130
45130
45130
45130
45130
45130
45130
45130
45130
45130
45130
45130
45130
45130
45130
45130
45130
45130
45130
45130
45130
45130
45130
45130
45130
45130
45130
45130
45130
45130
45130
45130
45130
45130
45130
45130
45130
45130
45130
45130
45130
45130
45130
45130
45130
45130
45130
45130
45130
45130
45130
45130
45130
45130
45130
45130
45130
45130
45130
45130
45130
45130
45130
45130
45130
45130
45130
45130
45130
45130
45130
45130
45130
45130
45130
45130
45130
45130
45130
45130
45130
45130
45130
45130
45130
45130
45130
45130
45130
45130
45130
45130
45130
45130
45130
45130
45130
45130
45130
45130
45130
45130
45130
45130
45130
45130
45130
45130
45130
45130
45130
45130
45130
45130
45130
45130
45130
45130
45130
45130
45130
45130
45130
45130
45130
45130
45130
45130
45130
45130
45130
45130
45130
45130
45130
45130
45130
45130
45130
45130
45130
45130
45130
45130
45130
45130
45130
45130
45130
45130
45130
45130
45130
45130
45130
45130
45130
45130
45130
45130
45130
45130
45130
45130
45130
45130
45130
45130
45130
45130
45130
45130
45130
45130
45130
45130
45130
45130
45130
45130
45130
45130
45130
45130
45130
45130
45130
45130
45130
45130
45130
45130
45130
45130
45130
45130
45130
45130
45130
45130
45130
45130
45130
45130
45130
45130
45130
45130
45130
45130
45130
45130
45130
45130
45130
45130
45130
45130
45130
45130
45130
45130
45130
45130
45130
45130
45130
45130
45130
45130
45130
45130
45130
45130
45130
45130
45130
45130
45130
45130
45130
45130
45130
45130
45130
45130
45130
45130
45130
45130
45130
45130
45130
45130
45130
45130
45130
45130
45130
45130
45130
45130
45130
45130
45130
45130
45130
45130
45130
45130
45130
45130
45130
45130
45130
45130
45130
45130
45130
45130
45130
45130
45130
45130
45130
45130
45130
45130
45130
45130
45130
45130
45130
45130
45130
45130
45130
45130
45130
45130
45130
45130
45130
45130
45130
45130
45130
45130
45130
45130
45130
45130
45130
45130
45130
45130
45130
45130
45130
45130
45130
45130
45130
45130
45130
45130
45130
45130
45130
45130
45130
45130
45130
45130
45130
45130
45130
45130
45130
45130
45130
45130
45130
45130
45130
45130
45130
45130
45130
45130
45130
45130
45130
45130
45130
45130
45130
45130
45130
45130
45130
45130
45130
45130
45130
45130
45130
45130
45130
45130
45130
45130
45130
45130
45130
45130
45130
45130
45130
45130
45130
45130
45130
45130
45130
45130
45130
45130
45130
45130
45130
45130
45130
45130
45130
45130
45130
45130
45130
45130
45130
45130
45130
45130
45130
45130
45130
45130
45130
45130
45130
45130
45130
45130
45130
45130
45130
45130
45130
45130
45130
45130
45130
45130
45130
45130
45130
45130
45130
45130
45130
45130
45130
45130
45130
45130
45130
45130
45130
45130
45130
45130
45130
45130
45130
45130
45130
45130
45130
45130
45130
45130
45130
45130
45130
45130
45130
45130
45130
45130
45130
45130
45130
45130
45130
45130
45130
45130
45130
45130
45130
45130
45130
45130
45130
45130
45130
45130
45130
45130
45130
45130
45130
45130
45130
45130
45130
45130
45130
45130
45130
45130
45130
45130
45130
45130
45130
45130
45130
45130
45130
45130
45130
45130
45130
45130
45130
45130
45130
45130
45130
45130
45130
45130
45130
45130
45130
45130
45130
45130
45130
45130
45130
45130
45130
45130
45130
45130
45130
45130
45130
45130
45130
45130
45130
45130
45130
45130
45130
45130
45130
45130
45130
45130
45130
45130
45130
45130
45130
45130
45130
45130
45130
45130
45130
45130
45130
45130
45130
45130
45130
45130
45130
45130
45130
45130
45130
45130
45130
45130
45130
45130
45130
45130
45130
45130
45130
45130
45130
45130
45130
45130
45130
45130
45130
45130
45130
45130
45130
45130
45130
45130
45130
45130
45130
45130
45130
45130
45130
45130
45130
45130
45130
45130
45130
45130
45130
45130
45130
45130
45130
45130
45130
45130
45130
45130
45130
45130
45130
45130
45130
45130
45130
45130
45130
45130
45130
45130
45130
45130
45130
45130
45130
45130
45130
45130
45130
45130
45130
45130
45130
45130
45130
45130
45130
45130
45130
45130
45130
45130
45130
45130
45130
45130
45130
45130
45130
45130
45130
45130
45130
45130
45130
45130
45130
45130
45130
45130
45130
45130
45130
45130
45130
45130
45130
45130
45130
45130
45130
45130
45130
45130
45130
45130
45130
45130
45130
45130
45130
45130
45130
45130
45130
45130
45130
45130
45130
45130
45130
45130
45130
45130
45130
45130
45130
45130
45130
45130
45130
45130
45130
45130
45130
45130
45130
45130
45130
45130
45130
45130
45130
45130
45130
45130
45130
45130
45130
45130
45130
45130
45130
45130
45130
45130
45130
45130
45130
45130
45130
45130
45130
45130
45130
45130
45130
45130
45130
45130
45130
45130
45130
45130
45130
45130
45130
45130
45130
45130
45130
45130
45130
45130
45130
45130
45130
45130
45130
45130
45130
45130
45130
45130
45130
45130
45130
45130
45130
45130
45130
45130
45130
45130
45130
45130
45130
45130
45130
45130
45130
45130
45130
45130
45130
45130
45130
45130
45130
45130
45130
45130
45130
45130
45130
45130
45130
45130
45130
45130
45130
45130
45130
45130
45130
45130
45130
45130
45130
45130
45130
45130
45130
45130
45130
45130
45130
45130
45130
45130
45130
45130
45130
45130
45130
45130
45130
45130
45130
45130
45130
45130
45130
45130
45130
45130
45130
45130
45130
45130
45130
45130
45130
45130
45130
45130
45130
45130
45130
45130
45130
45130
45130
45130
45130
45130
45130
45130
45130
45130
45130
45130
45130
45130
45130
45130
45130
45130
45130
45130
45130
45130
45130
45130
45130
45130
45130
45130
45130
45130
45130
45130
45130
45130
45130
45130
45130
45130
45130
45130
45130
45130
45130
45130
45130
45130
45130
45130
45130
45130
45130
45130
45130
45130
45130
45130
45130
45130
45130
45130
45130
45130
45130
45130
45130
45130
45130
45130
45130
45130
45130
45130
45130
45130
45130
45130
45130
45130
45130
45130
45130
45130
45130
45130
45130
45130
45130
45130
45130
45130
45130
45130
45130
45130
45130
45130
45130
45130
45130
45130
45130
45130
45130
45130
45130
45130
45130
45130
45130
45130
45130
45130
45130
45130
45130
45130
45130
45130
45130
45130
45130
45130
45130
45130
45130
45130
45130
45130
45130
45130
45130
45130
45130
45130
45130
45130
45130
45130
45130
45130
45130
45130
45130
45130
45130
45130
45130
45130
45130
45130
45130
45130
45130
45130
45130
45130
45130
45130
45130
45130
45130
45130
45130
45130
45130
45130
45130
45130
45130
45130
45130
45130
45130
45130
45130
45130
45130
45130
45130
45130
45130
45130
45130
45130
45130
45130
45130
45130
45130
45130
45130
45130
45130
45130
45130
45130
45130
45130
45130
45130
45130
45130
45130
45130
45130
45130
45130
45130
45130
45130
45130
45130
45130
45130
45130
45130
45130
45130
45130
45130
45130
45130
45130
45130
45130
45130
45130
45130
45130
45130
45130
45130
45130
45130
45130
45130
45130
45130
45130
45130
45130
45130
45130
45130
45130
45130
45130
45130
45130
45130
45130
45130
45130
45130
45130
45130
45130
45130
45130
45130
45130
45130
45130
45130
45130
45130
45130
45130
45130
45130
45130
45130
45130
45130
45130
45130
45130
45130
45130
45130
45130
45130
45130
45130
45130
45130
45130
45130
45130
45130
45130
45130
45130
45130
45130
45130
45130
45130
45130
45130
45130
45130
45130
45130
45130
45130
45130
45130
45130
45130
45130
45130
45130
45130
45130
45130
45130
45130
45130
45130
45130
45130
45130
45130
45130
45130
45130
45130
45130
45130
45130
45130
45130
45130
45130
45130
45130
45130
45130
45130
45130
45130
45130
45130
45130
45130
45130
45130
45130
45130
45130
45130
45130
45130
45130
45130
45130
45130
45130
45130
45130
45130
45130
45130
45130
45130
45130
45130
45130
45130
45130
45130
45130
45130
45130
45130
45130
45130
45130
45130
45130
45130
45130
45130
45130
45130
45130
45130
45130
45130
45130
45130
45130
45130
45130
45130
45130
45130
45130
45130
45130
45130
45130
45130
45130
45130
45130
45130
45130
45130
45130
45130
45130
45130
45130
45130
45130
45130
45130
45130
45130
45130
45130
45130
45130
45130
45130
45130
45130
45130
45130
45130
45130
45130
45130
45130
45130
45130
45130
45130
45130
45130
45130
45130
45130
45130
45130
45130
45130
45130
45130
45130
45130
45130
45130
45130
45130
45130
45130
45130
45130
45130
45130
45130
45130
45130
45130
45130
45130
45130
45130
45130
45130
45130
45130
45130
45130
45130
45130
45130
45130
45130
45130
45130
45130
45130
45130
45130
45130
45130
45130
45130
45130
45130
45130
45130
45130
45130
45130
45130
45130
45130
45130
45130
45130
45130
45130
45130
45130
45130
45130
45130
45130
45130
45130
45130
45130
45130
45130
45130
45130
45130
45130
45130
45130
45130
45130
45130
45130
45130
45130
45130
45130
45130
45130
45130
45130
45130
45130
45130
45130
45130
45130
45130
45130
45130
45130
45130
45130
45130
45130
45130
45130
45130
45130
45130
45130
45130
45130
45130
45130
45130
45130
45130
45130
45130
45130
45130
45130
45130
45130
45130
45130
45130
45130
45130
45130
45130
45130
45130
45130
45130
45130
45130
45130
45130
45130
45130
45130
45130
45130
45130
45130
45130
45130
45130
45130
45130
45130
45130
45130
45130
45130
45130
45130
45130
45130
45130
45130
45130
45130
45130
45130
45130
45130
45130
45130
45130
45130
45130
45130
45130
45130
45130
45130
45130
45130
45130
45130
45130
45130
45130
45130
45130
45130
45130
45130
45130
45130
45130
45130
45130
45130
45130
45130
45130
45130
45130
45130
45130
45130
45130
45130
45130
45130
45130
45130
45130
45130
45130
45130
45130
45130
45130
45130
45130
45130
45130
45130
45130
45130
45130
45130
45130
45130
45130
45130
45130
45130
45130
45130
45130
45130
45130
45130
45130
45130
45130
45130
45130
45130
45130
45130
45130
45130
45130
45130
45130
45130
45130
45130
45130
45130
45130
45130
45130
45130
45130
45130
45130
45130
45130
45130
45130
45130
45130
45130
45130
45130
45130
45130
45130
45130
45130
45130
45130
45130
45130
45130
45130
45130
45130
45130
45130
45130
45130
45130
45130
45130
45130
45130
45130
45130
45130
45130
45130
45130
45130
45130
45130
45130
45130
45130
45130
45130
45130
45130
45130
45130
45130
45130
45130
45130
45130
45130
45130
45130
45130
45130
45130
45130
45130
45130
45130
45130
45130
45130
45130
45130
45130
45130
45130
45130
45130
45130
45130
45130
45130
45130
45130
45130
45130
45130
45130
45130
45130
45130
45130
45130
45130
45130
45130
45130
45130
45130
45130
45130
45130
45130
45130
45130
45130
45130
45130
45130
45130
45130
45130
45130
45130
45130
45130
45130
45130
45130
45130
45130
45130
45130
45130
45130
45130
45130
45130
45130
45130
45130
45130
45130
45130
45130
45130
45130
45130
45130
45130
45130
45130
45130
45130
45130
45130
45130
45130
45130
45130
45130
45130
45130
45130
45130
45130
45130
45130
45130
45130
45130
45130
45130
45130
45130
45130
45130
45130
45130
45130
45130
45130
45130
45130
45130
45130
45130
45130
45130
45130
45130
45130
45130
45130
45130
45130
45130
45130
45130
45130
45130
45130
45130
45130
45130
45130
45130
45130
45130
45130
45130
45130
45130
45130
45130
45130
45130
45130
45130
45130
45130
45130
45130
45130
45130
45130
45130
45130
45130
45130
45130
45130
45130
45130
45130
45130
45130
45130
45130
45130
45130
45130
45130
45130
45130
45130
45130
45130
45130
45130
45130
45130
45130
45130
45130
45130
45130
45130
45130
45130
45130
45130
45130
45130
45130
45130
45130
45130
45130
45130
45130
45130
45130
45130
45130
45130
45130
45130
45130
45130
45130
45130
45130
45130
45130
45130
45130
45130
45130
45130
45130
45130
45130
45130
45130
45130
45130
45130
45130
45130
45130
45130
45130
45130
45130
45130
45130
45130
45130
45130
45130
45130
45130
45130
45130
45130
45130
45130
45130
45130
45130
45130
45130
45130
45130
45130
45130
45130
45130
45130
45130
45130
45130
45130
45130
45130
45130
45130
45130
45130
45130
45130
45130
45130
45130
45130
45130
45130
45130
45130
45130
45130
45130
45130
45130
45130
45130
45130
45130
45130
45130
45130
45130
45130
45130
45130
45130
45130
45130
45130
45130
45130
45130
45130
45130
45130
45130
45130
45130
45130
45130
45130
45130
45130
45130
45130
45130
45130
45130
45130
45130
45130
45130
45130
45130
45130
45130
45130
45130
45130
45130
45130
45130
45130
45130
45130
45130
45130
45130
45130
45130
45130
45130
45130
45130
45130
45130
45130
45130
45130
45130
45130
45130
45130
45130
45130
45130
45130
45130
45130
45130
45130
45130
45130
45130
45130
45130
45130
45130
45130
45130
45130
45130
45130
45130
45130
45130
45130
45130
45130
45130
45130
45130
45130
45130
45130
45130
45130
45130
45130
45130
45130
45130
45130
45130
45130
45130
45130
45130
45130
45130
45130
45130
45130
45130
45130
45130
45130
45130
45130
45130
45130
45130
45130
45130
45130
45130
45130
45130
45130
45130
45130
45130
45130
45130
45130
45130
45130
45130
45130
45130
45130
45130
45130
45130
45130
45130
45130
45130
45130
45130
45130
45130
45130
45130
45130
45130
45130
45130
45130
45130
45130
45130
45130
45130
45130
45130
45130
45130
45130
45130
45130
45130
45130
45130
45130
45130
45130
45130
45130
45130
45130
45130
45130
45130
45130
45130
45130
45130
45130
45130
45130
45130
45130
45130
45130
45130
45130
45130
45130
45130
45130
45130
45130
45130
45130
45130
45130
45130
45130
45130
45130
45130
45130
45130
45130
45130
45130
45130
45130
45130
45130
45130
45130
45130
45130
45130
45130
45130
45130
45130
45130
45130
45130
45130
45130
45130
45130
45130
45130
45130
45130
45130
45130
45130
45130
45130
45130
45130
45130
45130
45130
45130
45130
45130
45130
45130
45130
45130
45130
45130
45130
45130
45130
45130
45130
45130
45130
45130
45130
45130
45130
45130
45130
45130
45130
45130
45130
45130
45130
45130
45130
45130
45130
45130
45130
45130
45130
45130
45130
45130
45130
45130
45130
45130
45130
45130
45130
45130
45130
45130
45130
45130
45130
45130
45130
45130
45130
45130
45130
45130
45130
45130
45130
45130
45130
45130
45130
45130
45130
45130
45130
45130
45130
45130
45130
45130
45130
45130
45130
45130
45130
45130
45130
45130
45130
45130
45130
45130
45130
45130
45130
45130
45130
45130
45130
45130
45130
45130
45130
45130
45130
45130
45130
45130
45130
45130
45130
45130
45130
45130
45130
45130
45130
45130
45130
45130
45130
45130
45130
45130
45130
45130
45130
45130
45130
45130
45130
45130
45130
45130
45130
45130
45130
45130
45130
45130
45130
45130
45130
45130
45130
45130
45130
45130
45130
45130
45130
45130
45130
45130
45130
45130
45130
45130
45130
45130
45130
45130
45130
45130
45130
45130
45130
45130
45130
45130
45130
45130
45130
45130
45130
45130
45130
45130
45130
45130
45130
45130
45130
45130
45130
45130
45130
45130
45130
45130
45130
45130
45130
45130
45130
45130
45130
45130
45130
45130
45130
45130
45130
45130
45130
45130
45130
45130
45130
45130
45130
45130
45130
45130
45130
45130
45130
45130
45130
45130
45130
45130
45130
45130
45130
45130
45130
45130
45130
45130
45130
45130
45130
45130
45130
45130
45130
45130
45130
45130
45130
45130
45130
45130
45130
45130
45130
45130
45130
45130
45130
45130
45130
45130
45130
45130
45130
45130
45130
45130
45130
45130
45130
45130
45130
45130
45130
45130
45130
45130
45130
45130
45130
45130
45130
45130
45130
45130
45130
45130
45130
45130
45130
45130
45130
45130
45130
45130
45130
45130
45130
45130
45130
45130
45130
45130
45130
45130
45130
45130
45130
45130
45130
45130
45130
45130
45130
45130
45130
45130
45130
45130
45130
45130
45130
45130
45130
45130
45130
45130
45130
45130
45130
45130
45130
45130
45130
45130
45130
45130
45130
45130
45130
45130
45130
45130
45130
45130
45130
45130
45130
45130
45130
45130
45130
45130
45130
45130
45130
45130
45130
45130
45130
45130
45130
45130
45130
45130
45130
45130
45130
45130
45130
45130
45130
45130
45130
45130
45130
45130
45130
45130
45130
45130
45130
45130
45130
45130
45130
45130
45130
45130
45130
45130
45130
45130
45130
45130
45130
45130
45130
45130
45130
45130
45130
45130
45130
45130
45130
45130
45130
45130
45130
45130
45130
45130
45130
45130
45130
45130
45130
45130
45130
45130
45130
45130
45130
45130
45130
45130
45130
45130
45130
45130
45130
45130
45130
45130
45130
45130
45130
45130
45130
45130
45130
45130
45130
45130
45130
45130
45130
45130
45130
45130
45130
45130
45130
45130
45130
45130
45130
45130
45130
45130
45130
45130
45130
45130
45130
45130
45130
45130
45130
45130
45130
45130
45130
45130
45130
45130
45130
45130
45130
45130
45130
45130
45130
45130
45130
45130
45130
45130
45130
45130
45130
45130
45130
45130
45130
45130
45130
45130
45130
45130
45130
45130
45130
45130
45130
45130
45130
45130
45130
45130
45130
45130
45130
45130
45130
45130
45130
45130
45130
45130
45130
45130
45130
45130
45130
45130
45130
45130
45130
45130
45130
45130
45130
45130
45130
45130
45130
45130
45130
45130
45130
45130
45130
45130
45130
45130
45130
45130
45130
45130
45130
45130
45130
45130
45130
45130
45130
45130
45130
45130
45130
45130
45130
45130
45130
45130
45130
45130
45130
45130
45130
45130
45130
45130
45130
45130
45130
45130
45130
45130
45130
45130
45130
45130
45130
45130
45130
45130
45130
45130
45130
45130
45130
45130
45130
45130
45130
45130
45130
45130
45130
45130
45130
45130
45130
45130
45130
45130
45130
45130
45130
45130
45130
45130
45130
45130
45130
45130
45130
45130
45130
45130
45130
45130
45130
45130
45130
45130
45130
45130
45130
45130
45130
45130
45130
45130
45130
45130
45130
45130
45130
45130
45130
45130
45130
45130
45130
45130
45130
45130
45130
45130
45130
45130
45130
45130
45130
45130
45130
45130
45130
45130
45130
45130
45130
45130
45130
45130
45130
45130
45130
45130
45130
45130
45130
45130
45130
45130
45130
45130
45130
45130
45130
45130
45130
45130
45130
45130
45130
45130
45130
45130
45130
45130
45130
45130
45130
45130
45130
45130
45130
45130
45130
45130
45130
45130
45130
45130
45130
45130
45130
45130
45130
45130
45130
45130
45130
45130
45130
45130
45130
45130
45130
45130
45130
45130
45130
45130
45130
45130
45130
45130
45130
45130
45130
45130
45130
45130
45130
45130
45130
45130
45130
45130
45130
45130
45130
45130
45130
45130
45130
45130
45130
45130
45130
45130
45130
45130
45130
45130
45130
45130
45130
45130
45130
45130
45130
45130
45130
45130
45130
45130
45130
45130
45130
45130
45130
45130
45130
45130
45130
45130
45130
45130
45130
45130
45130
45130
45130
45130
45130
45130
45130
45130
45130
45130
45130
45130
45130
45130
45130
45130
45130
45130
45130
45130
45130
45130
45130
45130
45130
45130
45130
45130
45130
45130
45130
45130
45130
45130
45130
45130
45130
45130
45130
45130
45130
45130
45130
45130
45130
45130
45130
45130
45130
45130
45130
45130
45130
45130
45130
45130
45130
45130
45130
45130
45130
45130
45130
45130
45130
45130
45130
45130
45130
45130
45130
45130
45130
45130
45130
45130
45130
45130
45130
45130
45130
45130
45130
45130
45130
45130
45130
45130
45130
45130
45130
45130
45130
45130
45130
45130
45130
45130
45130
45130
45130
45130
45130
45130
45130
45130
45130
45130
45130
45130
45130
45130
45130
45130
45130
45130
45130
45130
45130
45130
45130
45130
45130
45130
45130
45130
45130
45130
45130
45130
45130
45130
45130
45130
45130
45130
45130
45130
45130
45130
45130
45130
45130
45130
45130
45130
45130
45130
45130
45130
45130
45130
45130
45130
45130
45130
45130
45130
45130
45130
45130
45130
45130
45130
45130
45130
45130
45130
45130
45130
45130
45130
45130
45130
45130
45130
45130
45130
45130
45130
45130
45130
45130
45130
45130
45130
45130
45130
45130
45130
45130
45130
45130
45130
45130
45130
45130
45130
45130
45130
45130
45130
45130
45130
45130
45130
45130
45130
45130
45130
45130
45130
45130
45130
45130
45130
45130
45130
45130
45130
45130
45130
45130
45130
45130
45130
45130
45130
45130
45130
45130
45130
45130
45130
45130
45130
45130
45130
45130
45130
45130
45130
45130
45130
45130
45130
45130
45130
45130
45130
45130
45130
45130
45130
45130
45130
45130
45130
45130
45130
45130
45130
45130
45130
45130
45130
45130
45130
45130
45130
45130
45130
45130
45130
45130
45130
45130
45130
45130
45130
45130
45130
45130
45130
45130
45130
45130
45130
45130
45130
45130
45130
45130
45130
45130
45130
45130
45130
45130
45130
45130
45130
45130
45130
45130
45130
45130
45130
45130
45130
45130
45130
45130
45130
45130
45130
45130
45130
45130
45130
45130
45130
45130
45130
45130
45130
45130
45130
45130
45130
45130
45130
45130
45130
45130
45130
45130
45130
45130
45130
45130
45130
45130
45130
45130
45130
45130
45130
45130
45130
45130
45130
45130
45130
45130
45130
45130
45130
45130
45130
45130
45130
45130
45130
45130
45130
45130
45130
45130
45130
45130
45130
45130
45130
45130
45130
45130
45130
45130
45130
45130
45130
45130
45130
45130
45130
45130
45130
45130
45130
45130
45130
45130
45130
45130
45130
45130
45130
45130
45130
45130
45130
45130
45130
45130
45130
45130
45130
45130
45130
45130
45130
45130
45130
45130
45130
45130
45130
45130
45130
45130
45130
45130
45130
45130
45130
45130
45130
45130
45130
45130
45130
45130
45130
45130
45130
45130
45130
45130
45130
45130
45130
45130
45130
45130
45130
45130
45130
45130
45130
45130
45130
45130
45130
45130
45130
45130
45130
45130
45130
45130
45130
45130
45130
45130
45130
45130
45130
45130
45130
45130
45130
45130
45130
45130
45130
45130
45130
45130
45130
45130
45130
45130
45130
45130
45130
45130
45130
45130
45130
45130
45130
45130
45130
45130
45130
45130
45130
45130
45130
45130
45130
45130
45130
45130
45130
45130
45130
45130
45130
45130
45130
45130
45130
45130
45130
45130
45130
45130
45130
45130
45130
45130
45130
45130
45130
45130
45130
45130
45130
45130
45130
45130
45130
45130
45130
45130
45130
45130
45130
45130
45130
45130
45130
45130
45130
45130
45130
45130
45130
45130
45130
45130
45130
45130
45130
45130
45130
45130
45130
45130
45130
45130
45130
45130
45130
45130
45130
45130
45130
45130
45130
45130
45130
45130
45130
45130
45130
45130
45130
45130
45130
45130
45130
45130
45130
45130
45130
45130
45130
45130
45130
45130
45130
45130
45130
45130
45130
45130
45130
45130
45130
45130
45130
45130
45130
45130
45130
45130
45130
45130
45130
45130
45130
45130
45130
45130
45130
45130
45130
45130
45130
45130
45130
45130
45130
45130
45130
45130
45130
45130
45130
45130
45130
45130
45130
45130
45130
45130
45130
45130
45130
45130
45130
45130
45130
45130
45130
45130
45130
45130
45130
45130
45130
45130
45130
45130
45130
45130
45130
45130
45130
45130
45130
45130
45130
45130
45130
45130
45130
45130
45130
45130
45130
45130
45130
45130
45130
45130
45130
45130
45130
45130
45130
45130
45130
45130
45130
45130
45130
45130
45130
45130
45130
45130
45130
45130
45130
45130
45130
45130
45130
45130
45130
45130
45130
45130
45130
45130
45130
45130
45130
45130
45130
45130
45130
45130
45130
45130
45130
45130
45130
45130
45130
45130
45130
45130
45130
45130
45130
45130
45130
45130
45130
45130
45130
45130
45130
45130
45130
45130
45130
45130
45130
45130
45130
45130
45130
45130
45130
45130
45130
45130
45130
45130
45130
45130
45130
45130
45130
45130
45130
45130
45130
45130
45130
45130
45130
45130
45130
45130
45130
45130
45130
45130
45130
45130
45130
45130
45130
45130
45130
45130
45130
45130
45130
45130
45130
45130
45130
45130
45130
45130
45130
45130
45130
45130
45130
45130
45130
45130
45130
45130
45130
45130
45130
45130
45130
45130
45130
45130
45130
45130
45130
45130
45130
45130
45130
45130
45130
45130
45130
45130
45130
45130
45130
45130
45130
45130
45130
45130
45130
45130
45130
45130
45130
45130
45130
45130
45130
45130
45130
45130
45130
45130
45130
45130
45130
45130
45130
45130
45130
45130
45130
45130
45130
45130
45130
45130
45130
45130
45130
45130
45130
45130
45130
45130
45130
45130
45130
45130
45130
45130
45130
45130
45130
45130
45130
45130
45130
45130
45130
45130
45130
45130
45130
45130
45130
45130
45130
45130
45130
45130
45130
45130
45130
45130
45130
45130
45130
45130
45130
45130
45130
45130
45130
45130
45130
45130
45130
45130
45130
45130
45130
45130
45130
45130
45130
45130
45130
45130
45130
45130
45130
45130
45130
45130
45130
45130
45130
45130
45130
45130
45130
45130
45130
45130
45130
45130
45130
45130
45130
45130
45130
45130
45130
45130
45130
45130
45130
45130
45130
45130
45130
45130
45130
45130
45130
45130
45130
45130
45130
45130
45130
45130
45130
45130
45130
45130
45130
45130
45130
45130
45130
45130
45130
45130
45130
45130
45130
45130
45130
45130
45130
45130
45130
45130
45130
45130
45130
45130
45130
45130
45130
45130
45130
45130
45130
45130
45130
45130
45130
45130
45130
45130
45130
45130
45130
45130
45130
45130
45130
45130
45130
45130
45130
45130
45130
45130
45130
45130
45130
45130
45130
45130
45130
45130
45130
45130
45130
45130
45130
45130
45130
45130
45130
45130
45130
45130
45130
45130
45130
45130
45130
45130
45130
45130
45130
45130
45130
45130
45130
45130
45130
45130
45130
45130
45130
45130
45130
45130
45130
45130
45130
45130
45130
45130
45130
45130
45130
45130
45130
45130
45130
45130
45130
45130
45130
45130
45130
45130
45130
45130
45130
45130
45130
45130
45130
45130
45130
45130
45130
45130
45130
45130
45130
45130
45130
45130
45130
45130
45130
45130
45130
45130
45130
45130
45130
45130
45130
45130
45130
45130
45130
45130
45130
45130
45130
45130
45130
45130
45130
45130
45130
45130
45130
45130
45130
45130
45130
45130
45130
45130
45130
45130
45130
45130
45130
45130
45130
45130
45130
45130
45130
45130
45130
45130
45130
45130
45130
45130
45130
45130
45130
45130
45130
45130
45130
45130
45130
45130
45130
45130
45130
45130
45130
45130
45130
45130
45130
45130
45130
45130
45130
45130
45130
45130
45130
45130
45130
45130
45130
45130
45130
45130
45130
45130
45130
45130
45130
45130
45130
45130
45130
45130
45130
45130
45130
45130
45130
45130
45130
45130
45130
45130
45130
45130
45130
45130
45130
45130
45130
45130
45130
45130
45130
45130
45130
45130
45130
45130
45130
45130
45130
45130
45130
45130
45130
45130
45130
45130
45130
45130
45130
45130
45130
45130
45130
45130
45130
45130
45130
45130
45130
45130
45130
45130
45130
45130
45130
45130
45130
45130
45130
45130
45130
45130
45130
45130
45130
45130
45130
45130
45130
45130
45130
45130
45130
45130
45130
45130
45130
45130
45130
45130
45130
45130
45130
45130
45130
45130
45130
45130
45130
45130
45130
45130
45130
45130
45130
45130
45130
45130
45130
45130
45130
45130
45130
45130
45130
45130
45130
45130
45130
45130
45130
45130
45130
45130
45130
45130
45130
45130
45130
45130
45130
45130
45130
45130
45130
45130
45130
45130
45130
45130
45130
45130
45130
45130
45130
45130
45130
45130
45130
45130
45130
45130
45130
45130
45130
45130
45130
45130
45130
45130
45130
45130
45130
45130
45130
45130
45130
45130
45130
45130
45130
45130
45130
45130
45130
45130
45130
45130
45130
45130
45130
45130
45130
45130
45130
45130
45130
45130
45130
45130
45130
45130
45130
45130
45130
45130
45130
45130
45130
45130
45130
45130
45130
45130
45130
45130
45130
45130
45130
45130
45130
45130
45130
45130
45130
45130
45130
45130
45130
45130
45130
45130
45130
45130
45130
45130
45130
45130
45130
45130
45130
45130
45130
45130
45130
45130
45130
45130
45130
45130
45130
45130
45130
45130
45130
45130
45130
45130
45130
45130
45130
45130
45130
45130
45130
45130
45130
45130
45130
45130
45130
45130
45130
45130
45130
45130
45130
45130
45130
45130
45130
45130
45130
45130
45130
45130
45130
45130
45130
45130
45130
45130
45130
45130
45130
45130
45130
45130
45130
45130
45130
45130
45130
45130
45130
45130
45130
45130
45130
45130
45130
45130
45130
45130
45130
45130
45130
45130
45130
45130
45130
45130
45130
45130
45130
45130
45130
45130
45130
45130
45130
45130
45130
45130
45130
45130
45130
45130
45130
45130
45130
45130
45130
45130
45130
45130
45130
45130
45130
45130
45130
45130
45130
45130
45130
45130
45130
45130
45130
45130
45130
45130
45130
45130
45130
45130
45130
45130
45130
45130
45130
45130
45130
45130
45130
45130
45130
45130
45130
45130
45130
45130
45130
45130
45130
45130
45130
45130
45130
45130
45130
45130
45130
45130
45130
45130
45130
45130
45130
45130
45130
45130
45130
45130
45130
45130
45130
45130
45130
45130
45130
45130
45130
45130
45130
45130
45130
45130
45130
45130
45130
45130
45130
45130
45130
45130
45130
45130
45130
45130
45130
45130
45130
45130
45130
45130
45130
45130
45130
45130
45130
45130
45130
45130
45130
45130
45130
45130
45130
45130
45130
45130
45130
45130
45130
45130
45130
45130
45130
45130
45130
45130
45130
45130
45130
45130
45130
45130
45130
45130
45130
45130
45130
45130
45130
45130
45130
45130
45130
45130
45130
45130
45130
45130
45130
45130
45130
45130
45130
45130
45130
45130
45130
45130
45130
45130
45130
45130
45130
45130
45130
45130
45130
45130
45130
45130
45130
45130
45130
45130
45130
45130
45130
45130
45130
45130
45130
45130
45130
45130
45130
45130
45130
45130
45130
45130
45130
45130
45130
45130
45130
45130
45130
45130
45130
45130
45130
45130
45130
45130
45130
45130
45130
45130
45130
45130
45130
45130
45130
45130
45130
45130
45130
45130
45130
45130
45130
45130
45130
45130
45130
45130
45130
45130
45130
45130
45130
45130
45130
45130
45130
45130
45130
45130
45130
45130
45130
45130
45130
45130
45130
45130
45130
45130
45130
45130
45130
45130
45130
45130
45130
45130
45130
45130
45130
45130
45130
45130
45130
45130
45130
45130
45130
45130
45130
45130
45130
45130
45130
45130
45130
45130
45130
45130
45130
45130
45130
45130
45130
45130
45130
45130
45130
45130
45130
45130
45130
45130
45130
45130
45130
45130
45130
45130
45130
45130
45130
45130
45130
45130
45130
45130
45130
45130
45130
45130
45130
45130
45130
45130
45130
45130
45130
45130
45130
45130
45130
45130
45130
45130
45130
45130
45130
45130
45130
45130
45130
45130
45130
45130
45130
45130
45130
45130
45130
45130
45130
45130
45130
45130
45130
45130
45130
45130
45130
45130
45130
45130
45130
45130
45130
45130
45130
45130
45130
45130
45130
45130
45130
45130
45130
45130
45130
45130
45130
45130
45130
45130
45130
45130
45130
45130
45130
45130
45130
45130
45130
45130
45130
45130
45130
45130
45130
45130
45130
45130
45130
45130
45130
45130
45130
45130
45130
45130
45130
45130
45130
45130
45130
45130
45130
45130
45130
45130
45130
45130
45130
45130
45130
45130
45130
45130
45130
45130
45130
45130
45130
45130
45130
45130
45130
45130
45130
45130
45130
45130
45130
45130
45130
45130
45130
45130
45130
45130
45130
45130
45130
45130
45130
45130
45130
45130
45130
45130
45130
45130
45130
45130
45130
45130
45130
45130
45130
45130
45130
45130
45130
45130
45130
45130
45130
45130
45130
45130
45130
45130
45130
45130
45130
45130
45130
45130
45130
45130
45130
45130
45130
45130
45130
45130
45130
45130
45130
45130
45130
45130
45130
45130
45130
45130
45130
45130
45130
45130
45130
45130
45130
45130
45130
45130
45130
45130
45130
45130
45130
45130
45130
45130
45130
45130
45130
45130
45130
45130
45130
45130
45130
45130
45130
45130
45130
45130
45130
45130
45130
45130
45130
45130
45130
45130
45130
45130
45130
45130
45130
45130
45130
45130
45130
45130
45130
45130
45130
45130
45130
45130
45130
45130
45130
45130
45130
45130
45130
45130
45130
45130
45130
45130
45130
45130
45130
45130
45130
45130
45130
45130
45130
45130
45130
45130
45130
45130
45130
45130
45130
45130
45130
45130
45130
45130
45130
45130
45130
45130
45130
45130
45130
45130
45130
45130
45130
45130
45130
45130
45130
45130
45130
45130
45130
45130
45130
45130
45130
45130
45130
45130
45130
45130
45130
45130
45130
45130
45130
45130
45130
45130
45130
45130
45130
45130
45130
45130
45130
45130
45130
45130
45130
45130
45130
45130
45130
45130
45130
45130
45130
45130
45130
45130
45130
45130
45130
45130
45130
45130
45130
45130
45130
45130
45130
45130
45130
45130
45130
45130
45130
45130
45130
45130
45130
45130
45130
45130
45130
45130
45130
45130
45130
45130
45130
45130
45130
45130
45130
45130
45130
45130
45130
45130
45130
45130
45130
45130
45130
45130
45130
45130
45130
45130
45130
45130
45130
45130
45130
45130
45130
45130
45130
45130
45130
45130
45130
45130
45130
45130
45130
45130
45130
45130
45130
45130
45130
45130
45130
45130
45130
45130
45130
45130
45130
45130
45130
45130
45130
45130
45130
45130
45130
45130
45130
45130
45130
45130
45130
45130
45130
45130
45130
45130
45130
45130
45130
45130
45130
45130
45130
45130
45130
45130
45130
45130
45130
45130
45130
45130
45130
45130
45130
45130
45130
45130
45130
45130
45130
45130
45130
45130
45130
45130
45130
45130
45130
45130
45130
45130
45130
45130
45130
45130
45130
45130
45130
45130
45130
45130
45130
45130
45130
45130
45130
45130
45130
45130
45130
45130
45130
45130
45130
45130
45130
45130
45130
45130
45130
45130
45130
45130
45130
45130
45130
45130
45130
45130
45130
45130
45130
45130
45130
45130
45130
45130
45130
45130
45130
45130
45130
45130
45130
45130
45130
45130
45130
45130
45130
45130
45130
45130
45130
45130
45130
45130
45130
45130
45130
45130
45130
45130
45130
45130
45130
45130
45130
45130
45130
45130
45130
45130
45130
45130
45130
45130
45130
45130
45130
45130
45130
45130
45130
45130
45130
45130
45130
45130
45130
45130
45130
45130
45130
45130
45130
45130
45130
45130
45130
45130
45130
45130
45130
45130
45130
45130
45130
45130
45130
45130
45130
45130
45130
45130
45130
45130
45130
45130
45130
45130
45130
45130
45130
45130
45130
45130
45130
45130
45130
45130
45130
45130
45130
45130
45130
45130
45130
45130
45130
45130
45130
45130
45130
45130
45130
45130
45130
45130
45130
45130
45130
45130
45130
45130
45130
45130
45130
45130
45130
45130
45130
45130
45130
45130
45130
45130
45130
45130
45130
45130
45130
45130
45130
45130
45130
45130
45130
45130
45130
45130
45130
45130
45130
45130
45130
45130
45130
45130
45130
45130
45130
45130
45130
45130
45130
45130
45130
45130
45130
45130
45130
45130
45130
45130
45130
45130
45130
45130
45130
45130
45130
45130
45130
45130
45130
45130
45130
45130
45130
45130
45130
45130
45130
45130
45130
45130
45130
45130
45130
45130
45130
45130
45130
45130
45130
45130
45130
45130
45130
45130
45130
45130
45130
45130
45130
45130
45130
45130
45130
45130
45130
45130
45130
45130
45130
45130
45130
45130
45130
45130
45130
45130
45130
45130
45130
45130
45130
45130
45130
45130
45130
45130
45130
45130
45130
45130
45130
45130
45130
45130
45130
45130
45130
45130
45130
45130
45130
45130
45130
45130
45130
45130
45130
45130
45130
45130
45130
45130
45130
45130
45130
45130
45130
45130
45130
45130
45130
45130
45130
45130
45130
45130
45130
45130
45130
45130
45130
45130
45130
45130
45130
45130
45130
45130
45130
45130
45130
45130
45130
45130
45130
45130
45130
45130
45130
45130
45130
45130
45130
45130
45130
45130
45130
45130
45130
45130
45130
45130
45130
45130
45130
45130
45130
45130
45130
45130
45130
45130
45130
45130
45130
45130
45130
45130
45130
45130
45130
45130
45130
45130
45130
45130
45130
45130
45130
45130
45130
45130
45130
45130
45130
45130
45130
45130
45130
45130
45130
45130
45130
45130
45130
45130
45130
45130
45130
45130
45130
45130
45130
45130
45130
45130
45130
45130
45130
45130
45130
45130
45130
45130
45130
45130
45130
45130
45130
45130
45130
45130
45130
45130
45130
45130
45130
45130
45130
45130
45130
45130
45130
45130
45130
45130
45130
45130
45130
45130
45130
45130
45130
45130
45130
45130
45130
45130
45130
45130
45130
45130
45130
45130
45130
45130
45130
45130
45130
45130
45130
45130
45130
45130
45130
45130
45130
45130
45130
45130
45130
45130
45130
45130
45130
45130
45130
45130
45130
45130
45130
45130
45130
45130
45130
45130
45130
45130
45130
45130
45130
45130
45130
45130
45130
45130
45130
45130
45130
45130
45130
45130
45130
45130
45130
45130
45130
45130
45130
45130
45130
45130
45130
45130
45130
45130
45130
45130
45130
45130
45130
45130
45130
45130
45130
45130
45130
45130
45130
45130
45130
45130
45130
45130
45130
45130
45130
45130
45130
45130
45130
45130
45130
45130
45130
45130
45130
45130
45130
45130
45130
45130
45130
45130
45130
45130
45130
45130
45130
45130
45130
45130
45130
45130
45130
45130
45130
45130
45130
45130
45130
45130
45130
45130
45130
45130
45130
45130
45130
45130
45130
45130
45130
45130
45130
45130
45130
45130
45130
45130
45130
45130
45130
45130
45130
45130
45130
45130
45130
45130
45130
45130
45130
45130
45130
45130
45130
45130
45130
45130
45130
45130
45130
45130
45130
45130
45130
45130
45130
45130
45130
45130
45130
45130
45130
45130
45130
45130
45130
45130
45130
45130
45130
45130
45130
45130
45130
45130
45130
45130
45130
45130
45130
45130
45130
45130
45130
45130
45130
45130
45130
45130
45130
45130
45130
45130
45130
45130
45130
45130
45130
45130
45130
45130
45130
45130
45130
45130
45130
45130
45130
45130
45130
45130
45130
45130
45130
45130
45130
45130
45130
45130
45130
45130
45130
45130
45130
45130
45130
45130
45130
45130
45130
45130
45130
45130
45130
45130
45130
45130
45130
45130
45130
45130
45130
45130
45130
45130
45130
45130
45130
45130
45130
45130
45130
45130
45130
45130
45130
45130
45130
45130
45130
45130
45130
45130
45130
45130
45130
45130
45130
45130
45130
45130
45130
45130
45130
45130
45130
45130
45130
45130
45130
45130
45130
45130
45130
45130
45130
45130
45130
45130
45130
45130
45130
45130
45130
45130
45130
45130
45130
45130
45130
45130
45130
45130
45130
45130
45130
45130
45130
45130
45130
45130
45130
45130
45130
45130
45130
45130
45130
45130
45130
45130
45130
45130
45130
45130
45130
45130
45130
45130
45130
45130
45130
45130
45130
45130
45130
45130
45130
45130
45130
45130
45130
45130
45130
45130
45130
45130
45130
45130
45130
45130
45130
45130
45130
45130
45130
45130
45130
45130
45130
45130
45130
45130
45130
45130
45130
45130
45130
45130
45130
45130
45130
45130
45130
45130
45130
45130
45130
45130
45130
45130
45130
45130
45130
45130
45130
45130
45130
45130
45130
45130
45130
45130
45130
45130
45130
45130
45130
45130
45130
45130
45130
45130
45130
45130
45130
45130
45130
45130
45130
45130
45130
45130
45130
45130
45130
45130
45130
45130
45130
45130
45130
45130
45130
45130
45130
45130
45130
45130
45130
45130
45130
45130
45130
45130
45130
45130
45130
45130
45130
45130
45130
45130
45130
45130
45130
45130
45130
45130
45130
45130
45130
45130
45130
45130
45130
45130
45130
45130
45130
45130
45130
45130
45130
45130
45130
45130
45130
45130
45130
45130
45130
45130
45130
45130
45130
45130
45130
45130
45130
45130
45130
45130
45130
45130
45130
45130
45130
45130
45130
45130
45130
45130
45130
45130
45130
45130
45130
45130
45130
45130
45130
45130
45130
45130
45130
45130
45130
45130
45130
45130
45130
45130
45130
45130
45130
45130
45130
45130
45130
45130
45130
45130
45130
45130
45130
45130
45130
45130
45130
45130
45130
45130
45130
45130
45130
45130
45130
45130
45130
45130
45130
45130
45130
45130
45130
45130
45130
45130
45130
45130
45130
45130
45130
45130
45130
45130
45130
45130
45130
45130
45130
45130
45130
45130
45130
45130
45130
45130
45130
45130
45130
45130
45130
45130
45130
45130
45130
45130
45130
45130
45130
45130
45130
45130
45130
45130
45130
45130
45130
45130
45130
45130
45130
45130
45130
45130
45130
45130
45130
45130
45130
45130
45130
45130
45130
45130
45130
45130
45130
45130
45130
45130
45130
45130
45130
45130
45130
45130
45130
45130
45130
45130
45130
45130
45130
45130
45130
45130
45130
45130
45130
45130
45130
45130
45130
45130
45130
45130
45130
45130
45130
45130
45130
45130
45130
45130
45130
45130
45130
45130
45130
45130
45130
45130
45130
45130
45130
45130
45130
45130
45130
45130
45130
45130
45130
45130
45130
45130
45130
45130
45130
45130
45130
45130
45130
45130
45130
45130
45130
45130
45130
45130
45130
45130
45130
45130
45130
45130
45130
45130
45130
45130
45130
45130
45130
45130
45130
45130
45130
45130
45130
45130
45130
45130
45130
45130
45130
45130
45130
45130
45130
45130
45130
45130
45130
45130
45130
45130
45130
45130
45130
45130
45130
45130
45130
45130
45130
45130
45130
45130
45130
45130
45130
45130
45130
45130
45130
45130
45130
45130
45130
45130
45130
45130
45130
45130
45130
45130
45130
45130
45130
45130
45130
45130
45130
45130
45130
45130
45130
45130
45130
45130
45130
45130
45130
45130
45130
45130
45130
45130
45130
45130
45130
45130
45130
45130
45130
45130
45130
45130
45130
45130
45130
45130
45130
45130
45130
45130
45130
45130
45130
45130
45130
45130
45130
45130
45130
45130
45130
45130
45130
45130
45130
45130
45130
45130
45130
45130
45130
45130
45130
45130
45130
45130
45130
45130
45130
45130
45130
45130
45130
45130
45130
45130
45130
45130
45130
45130
45130
45130
45130
45130
45130
45130
45130
45130
45130
45130
45130
45130
45130
45130
45130
45130
45130
45130
45130
45130
45130
45130
45130
45130
45130
45130
45130
45130
45130
45130
45130
45130
45130
45130
45130
45130
45130
45130
45130
45130
45130
45130
45130
45130
45130
45130
45130
45130
45130
45130
45130
45130
45130
45130
45130
45130
45130
45130
45130
45130
45130
45130
45130
45130
45130
45130
45130
45130
45130
45130
45130
45130
45130
45130
45130
45130
45130
45130
45130
45130
45130
45130
45130
45130
45130
45130
45130
45130
45130
45130
45130
45130
45130
45130
45130
45130
45130
45130
45130
45130
45130
45130
45130
45130
45130
45130
45130
45130
45130
45130
45130
45130
45130
45130
45130
45130
45130
45130
45130
45130
45130
45130
45130
45130
45130
45130
45130
45130
45130
45130
45130
45130
45130
45130
45130
45130
45130
45130
45130
45130
45130
45130
45130
45130
45130
45130
45130
45130
45130
45130
45130
45130
45130
45130
45130
45130
45130
45130
45130
45130
45130
45130
45130
45130
45130
45130
45130
45130
45130
45130
45130
45130
45130
45130
45130
45130
45130
45130
45130
45130
45130
45130
45130
45130
45130
45130
45130
45130
45130
45130
45130
45130
45130
45130
45130
45130
45130
45130
45130
45130
45130
45130
45130
45130
45130
45130
45130
45130
45130
45130
45130
45130
45130
45130
45130
45130
45130
45130
45130
45130
45130
45130
45130
45130
45130
45130
45130
45130
45130
45130
45130
45130
45130
45130
45130
45130
45130
45130
45130
45130
45130
45130
45130
45130
45130
45130
45130
45130
45130
45130
45130
45130
45130
45130
45130
45130
45130
45130
45130
45130
45130
45130
45130
45130
45130
45130
45130
45130
45130
45130
45130
45130
45130
45130
45130
45130
45130
45130
45130
45130
45130
45130
45130
45130
45130
45130
45130
45130
45130
45130
45130
45130
45130
45130
45130
45130
45130
45130
45130
45130
45130
45130
45130
45130
45130
45130
45130
45130
45130
45130
45130
45130
45130
45130
45130
45130
45130
45130
45130
45130
45130
45130
45130
45130
45130
45130
45130
45130
45130
45130
45130
45130
45130
45130
45130
45130
45130
45130
45130
45130
45130
45130
45130
45130
45130
45130
45130
45130
45130
45130
45130
45130
45130
45130
45130
45130
45130
45130
45130
45130
45130
45130
45130
45130
45130
45130
45130
45130
45130
45130
45130
45130
45130
45130
45130
45130
45130
45130
45130
45130
45130
45130
45130
45130
45130
45130
45130
45130
45130
45130
45130
45130
45130
45130
45130
45130
45130
45130
45130
45130
45130
45130
45130
45130
45130
45130
45130
45130
45130
45130
45130
45130
45130
45130
45130
45130
45130
45130
45130
45130
45130
45130
45130
45130
45130
45130
45130
45130
45130
45130
45130
45130
45130
45130
45130
45130
45130
45130
45130
45130
45130
45130
45130
45130
45130
45130
45130
45130
45130
45130
45130
45130
45130
45130
45130
45130
45130
45130
45130
45130
45130
45130
45130
45130
45130
45130
45130
45130
45130
45130
45130
45130
45130
45130
45130
45130
45130
45130
45130
45130
45130
45130
45130
45130
45130
45130
45130
45130
45130
45130
45130
45130
45130
45130
45130
45130
45130
45130
45130
45130
45130
45130
45130
45130
45130
45130
45130
45130
45130
45130
45130
45130
45130
45130
45130
45130
45130
45130
45130
45130
45130
45130
45130
45130
45130
45130
45130
45130
45130
45130
45130
45130
45130
45130
45130
45130
45130
45130
45130
45130
45130
45130
45130
45130
45130
45130
45130
45130
45130
45130
45130
45130
45130
45130
45130
45130
45130
45130
45130
45130
45130
45130
45130
45130
45130
45130
45130
45130
45130
45130
45130
45130
45130
45130
45130
45130
45130
45130
45130
45130
45130
45130
45130
45130
45130
45130
45130
45130
45130
45130
45130
45130
45130
45130
45130
45130
45130
45130
45130
45130
45130
45130
45130
45130
45130
45130
45130
45130
45130
45130
45130
45130
45130
45130
45130
45130
45130
45130
45130
45130
45130
45130
45130
45130
45130
45130
45130
45130
45130
45130
45130
45130
45130
45130
45130
45130
45130
45130
45130
45130
45130
45130
45130
45130
45130
45130
45130
45130
45130
45130
45130
45130
45130
45130
45130
45130
45130
45130
45130
45130
45130
45130
45130
45130
45130
45130
45130
45130
45130
45130
45130
45130
45130
45130
45130
45130
45130
45130
45130
45130
45130
45130
45130
45130
45130
45130
45130
45130
45130
45130
45130
45130
45130
45130
45130
45130
45130
45130
45130
45130
45130
45130
45130
45130
45130
45130
45130
45130
45130
45130
45130
45130
45130
45130
45130
45130
45130
45130
45130
45130
45130
45130
45130
45130
45130
45130
45130
45130
45130
45130
45130
45130
45130
45130
45130
45130
45130
45130
45130
45130
45130
45130
45130
45130
45130
45130
45130
45130
45130
45130
45130
45130
45130
45130
45130
45130
45130
45130
45130
45130
45130
45130
45130
45130
45130
45130
45130
45130
45130
45130
45130
45130
45130
45130
45130
45130
45130
45130
45130
45130
45130
45130
45130
45130
45130
45130
45130
45130
45130
45130
45130
45130
45130
45130
45130
45130
45130
45130
45130
45130
45130
45130
45130
45130
45130
45130
45130
45130
45130
45130
45130
45130
45130
45130
45130
45130
45130
45130
45130
45130
45130
45130
45130
45130
45130
45130
45130
45130
45130
45130
45130
45130
45130
45130
45130
45130
45130
45130
45130
45130
45130
45130
45130
45130
45130
45130
45130
45130
45130
45130
45130
45130
45130
45130
45130
45130
45130
45130
45130
45130
45130
45130
45130
45130
45130
45130
45130
45130
45130
45130
45130
45130
45130
45130
45130
45130
45130
45130
45130
45130
45130
45130
45130
45130
45130
45130
45130
45130
45130
45130
45130
45130
45130
45130
45130
45130
45130
45130
45130
45130
45130
45130
45130
45130
45130
45130
45130
45130
45130
45130
45130
45130
45130
