2
2
2
2
2
2
4
436
436
436
436
436
436
436
436
604
604
604
604
3280
5564
8296
11056
13628
16538
17514
21646
21658
22052
22448
23228
23624
24010
24010
16688
20648
21038
21810
22200
22972
23362
25190
25190
16688
21972
21980
21992
22806
23218
23628
25896
25896
25214
20648
21038
21810
22200
22970
23362
25190
25190
16688
21002
21012
22186
22586
22984
23770
25324
25324
16686
21832
22624
23416
23428
24220
25012
25800
25800
16686
21078
21090
22282
22292
23088
23492
25598
25598
25598
21172
22388
22398
22406
23222
23632
24044
25936
25936
16686
21056
22242
22252
22654
23056
23850
25496
25496
16688
21054
21064
22250
22652
23056
23456
25496
25496
16736
21052
21062
22250
22260
23052
23454
24248
25496
25496
21050
21062
22248
22256
23050
23452
23856
25496
25496
21128
21138
22342
22352
22760
23168
23974
25772
25772
16688
21750
21760
21772
22538
22928
23694
24966
24966
16688
20604
21742
22130
22518
23282
23668
24902
24902
21240
22006
22018
22782
22792
23182
24378
24808
20224
21192
21968
22744
22756
22766
23544
24950
24950
16734
21192
21970
22746
22756
22766
23546
24950
24950
16686
21194
21970
22746
22756
22768
23546
24950
24950
16688
21002
21012
22186
22584
22984
23380
25288
25288
16688
21994
22776
22786
23568
24348
25128
25134
25134
16688
21080
21090
22282
22686
23090
23494
25550
25550
25550
21078
21088
22280
22290
23086
23490
23896
25550
25550
20996
21008
22180
22190
22588
23374
23774
25288
25288
20708
21878
21888
21898
22680
23076
23860
24922
24922
22032
22042
22052
22466
22882
23300
24122
26072
26072
26072
22036
22046
22056
22470
22886
23708
24124
26072
26072
16688
21942
21952
21962
22772
23182
23592
25768
25768
25768
21938
21948
21958
22368
22778
23588
23998
25768
25768
16686
21780
21790
22206
23032
23450
23868
25850
25850
25850
21938
21948
21958
22368
22778
23588
23998
25768
25768
16688
21944
21954
21964
22774
23184
23592
25768
25768
23338
21760
21770
21780
22178
22964
23362
25240
25240
25240
21182
22398
22408
22418
23232
23644
24056
25934
25934
21642
22446
23250
23258
24064
24868
25672
27024
27024
16686
21184
22400
22410
22822
23234
23646
25934
25934
25934
21808
22636
23464
23474
24300
25128
25956
27596
27596
16748
22628
22638
23466
23476
25122
25130
25958
27596
27596
16688
21396
22658
22668
22678
23522
23950
24376
28492
28492
16688
21396
22658
22668
22678
23522
23950
24376
28492
28492
16688
21004
22176
22188
22586
22984
23770
25280
25280
16686
22162
22172
22184
23332
23342
24870
25634
25634
16688
21886
21896
21906
22708
23114
23916
25598
25598
16686
21884
21894
21904
22310
23112
23516
25598
25598
25598
21076
21088
22280
22288
23086
23490
23894
25534
25534
21074
21086
22276
22286
22690
23488
23892
25534
25534
16688
21056
22244
22254
22656
23058
23852
25458
25458
16698
21054
21066
22252
22262
23054
23456
25458
25458
25458
21076
21086
22276
22286
22690
23488
23894
34310
34310
38244
38244
38244
38244
38244
38244
38244
38244
38244
38244
38250
38256
38262
38270
38276
38284
38290
38296
38304
38310
38316
38326
38330
38340
38340
38340
38662
38828
38828
38828
38828
38828
38828
38828
38828
38828
38828
38828
38828
38828
38828
38828
38828
38828
38828
38828
38828
38828
38828
38828
38828
38828
38828
38828
38828
38828
38828
38828
38828
38828
38852
38852
38852
38852
38852
38852
38852
38852
40308
42988
42988
45900
45900
45900
45900
45900
45900
45900
45900
45900
45900
45900
45900
45900
45900
45900
45900
45900
45900
45900
45900
45900
45900
45900
45900
45900
45900
45900
45900
45900
45900
45900
45900
45900
47386
47386
47386
33856
33856
33856
33856
33856
33856
33856
33856
33856
33856
33856
33856
33860
33864
33870
33880
33884
33890
33898
33904
33910
33920
33924
33930
33940
33940
33940
34098
34098
34098
34098
34098
34098
34098
34098
34866
34866
34866
34866
34866
34866
34866
34866
34866
34866
34866
34866
34866
34866
34866
34866
34866
34866
34866
34866
34866
34866
34866
34866
34866
34866
34866
34884
34884
34884
34884
34884
34884
34884
35670
35670
35670
35670
35670
35670
35670
35670
35670
35670
35670
35670
35670
35670
35670
35670
35670
35670
35670
35670
35670
35670
35670
35670
35670
35670
35670
35670
35670
35670
35670
35670
35670
35670
35670
35670
35932
35932
35932
35932
35932
35932
35932
35932
35932
35932
35932
35932
35932
35932
35932
35932
35932
35932
35932
35932
35932
35932
35932
35932
35932
35932
35932
35932
35932
35932
35932
35932
35932
35932
35932
35932
41252
41252
41252
41252
41252
41252
41252
41252
41252
41252
41252
41252
41252
41252
41252
41252
41252
41252
41252
41252
41252
41252
41252
41252
41252
41252
41252
41252
41252
41252
41252
41252
41252
