2
2
2
2
2
2
436
436
436
436
436
436
436
436
436
436
2560
4916
8210
10944
13710
16372
16816
19226
19640
27614
32398
37190
37190
37190
37210
37236
37260
37282
37286
37774
37774
37774
47882
35726
35726
35726
35726
35728
35752
35774
35794
35804
35964
35964
35964
35964
35964
35964
35964
35964
35964
35964
35964
35964
35964
35966
35966
35966
35966
35966
35966
35966
35966
35966
35966
35966
35966
35966
35966
35966
35966
35966
35966
35966
35966
35966
35966
35966
35966
35966
35966
35966
35966
35966
35966
35966
35966
35966
35966
35966
35966
35966
35966
35966
35966
35966
46554
36426
36426
36426
36426
36426
36440
36460
36480
36500
36506
36666
36666
36666
36666
36666
36666
36666
36666
36666
36666
36666
36666
36666
36666
36666
36666
36666
36666
36666
36666
36666
36666
36666
36666
36666
36666
36666
36666
36666
36666
36666
36666
36666
36666
36666
36666
36666
36666
36666
36666
36666
36666
36666
36666
36666
36666
36666
36666
36666
36666
36666
36666
36666
36666
36666
36666
36666
36666
36666
36666
36666
36666
36666
36666
36666
36666
36666
2
